#1
265 310
263,9814 310,2373
263,8587 309,3317
263,8062 308,7826
263,8152 308,7785
263,752 308,3279
263,4823 307,6207
263,4335 307,0273
263,3789 306,4255
263,243 305,7903
263,0382 304,6504
262,7862 303,8205
262,7531 303,8443
262,5517 303,2479
262,2699 302,2131
262,0918 301,1485
261,7703 299,0817
261,5997 298,0253
261,4889 297,0789
261,3761 296,2373
261,3208 295,2798
261,118 294,3547
261,0554 293,6108
260,8304 291,4249
260,5757 290,2439
260,3071 289,2546
259,5653 286,6109
259,2276 285,506
259,2285 285,5052
259,2285 285,5053
259,2286 285,5054
257,3859 279,777
256,8471 278,1436
256,5648 277,5415
256,2473 276,5531
255,8548 275,4914
255,6116 274,3955
255,1945 273,3971
255,1944 273,3955
254,2411 270,747
253,8549 269,3073
253,5334 267,8677
253,4096 266,6367
253,2218 265,9589
253,2219 265,9589
253,1212 265,3405
252,4267 263,0673
252,2572 262,4404
252,0314 261,7621
251,8889 261,1183
251,369 259,7071
251,152 258,6046
251,1519 258,6044
250,9691 257,9788
250,9352 257,4592
250,6855 256,8859
250,0726 255,588
249,5482 254,7774
248,8226 253,9709
248,5136 253,4362
248,4865 253,4373
247,5128 251,976
247,1962 251,4357
246,9098 250,9308
246,6714 250,5501
246,3365 250,0847
245,6602 249,3295
245,446 248,9198
245,0911 248,4599
244,7743 248,0564
244,6385 247,5745
244,4526 247,1053
244,2511 246,7866
244,0401 246,4657
243,9313 246,2568
243,6522 246,0295
243,5395 245,7682
243,341 245,274
243,2946 244,8855
243,2258 244,6478
243,1158 244,4712
243,0169 243,9578
242,886 243,6948
242,8061 243,3568
242,809 243,3611
242,7308 242,9577
242,7904 242,3985
242,7171 241,9721
242,6333 241,6123
242,5559 241,1588
242,423 240,7643
242,246 240,4474
242,1193 240,1906
241,9424 239,8012
241,8366 239,5494
241,7165 239,4029
241,6845 239,3331
241,443 239,1437
241,2563 238,8802
241,2107 238,8321
240,9631 238,6877
240,5141 238,6774
240,1965 238,5403
239,8884 238,457
239,6367 238,2905
239,6488 238,3022

#2
246 293
246,0002 293,0001
245,9999 293,0004
245,8497 292,9281
244,8542 292,0556
244,5202 291,6947
244,0301 291,2603
243,4793 290,8254
242,9692 290,3475
242,6002 289,6223
242,6043 289,614
241,3314 288,0179
240,5465 287,2554
239,45 285,7624
239,0104 285,2097
238,6507 284,7581
238,6508 284,7581
238,4111 284,3867
237,6648 282,6919
237,4128 282,2401
237,0562 281,782
236,6138 281,1427
235,6202 280,1733
234,7196 279,3922
234,7195 279,3925
234,3772 279,2027
233,8406 278,7999
233,4646 278,589
232,4481 278,1929
231,7792 277,9161
231,0359 277,5015
230,576 277,3159
230,59 277,3026
229,5087 276,9137
229,008 276,4249
228,6046 276,0577
228,2254 275,5038
227,697 275,0844
226,8115 274,0984
226,3878 273,7203
225,8923 273,2993
225,4811 273,0277
224,8045 272,736
223,9963 272,4109
223,6103 272,2314
223,1107 272,0471
222,4509 272,0418
222,0496 271,9175
221,6921 271,8558
221,1229 271,8051
220,6631 271,8962
220,2649 271,916
219,8554 271,8893
218,501 271,8759
217,936 271,6656
217,4535 271,4936
217,4468 271,4865
216,939 271,3057
215,3517 270,7016
214,7199 270,5871
214,1406 270,5792
213,3831 270,5091
212,1569 270,3588
211,453 270,2589
210,8727 270,2823
210,0544 270,3107
209,4415 270,2978
208,8825 270,3276
208,2391 270,4138
207,111 270,5907
206,479 270,728
206,249 270,8198
205,7812 271,0321
204,918 271,3648
204,4788 271,5273
204,0368 271,7069
203,5183 271,9223
203,5199 271,9243
202,2147 272,5341
202,197 272,5295
201,3697 272,9001
200,8282 273,1505
200,4706 273,239
199,7973 273,3663
199,3357 273,403
199,2038 273,4293
198,9113 273,4819
198,5933 273,5725
198,3186 273,5878
197,8928 273,6436
197,6703 273,6644
197,6796 273,6509
197,4853 273,6572
197,1338 273,6514
196,8925 273,6925
196,6914 273,6731
196,5644 273,7212
196,2932 273,7767
195,9104 273,824
195,9072 273,8147
195,6856 273,8073
195,4638 273,7729
195,2287 273,7562
194,9089 273,7365
194,7592 273,7181
194,6069 273,6543
194,4653 273,6246
194,4686 273,6227
194,2671 273,575
194,1362 273,5432
194,0296 273,5388
193,8924 273,5295
193,7724 273,492
193,7031 273,3988
193,6271 273,3897
193,6352 273,3877
193,593 273,3727

#3
267 300
267,0001 299,9998
267,0003 299,9998
266,9998 300,0001
267,7343 294,5812
267,7747 293,0921
267,7004 292,5718
267,7078 291,6716
267,6987 290,8003
267,7261 290,0055
267,723 289,1855
267,7224 289,1876
267,5742 286,1452
267,5389 284,5328
267,5125 282,269
267,3986 280,57
267,2905 279,5194
267,2912 279,5217
267,2307 278,5188
266,9159 275,6334
266,7953 274,5848
266,6638 273,5377
266,5087 272,3036
266,0898 269,8784
265,4868 267,2397
265,4866 267,2392
265,1155 265,8332
264,5893 264,062
264,2044 262,8951
263,3997 260,1716
262,8856 258,4769
262,1172 256,5538
261,7124 255,5115
261,6796 255,5175
260,6553 253,2715
260,1813 252,4326
259,7161 251,7042
259,23 251,1531
258,6548 250,4592
257,8116 249,3932
257,473 248,8835
257,1517 248,3794
256,8897 247,9436
256,7234 247,3928
256,3452 246,2923
256,1597 245,8172
256,0808 245,4751
255,9286 245,1416
255,7181 244,8902
255,5531 244,6255
255,3168 244,1814
255,1536 243,8365
254,9845 243,5502
254,7839 243,2876
254,3454 242,5348
254,1424 242,228
254,0184 241,9546
254,0121 241,9535
253,8733 241,7147
253,6384 241,2642
253,5356 240,9868
253,4818 240,8099
253,4393 240,5993
253,3393 240,4255
253,227 240,1652
253,1764 240,0033
253,1218 239,8431
253,0716 239,6774
252,9839 239,5657
252,9599 239,5011
252,8219 239,3785
252,7113 239,2579
252,7215 239,2108
252,5732 239,1034
252,3811 238,9798
252,2316 238,8643
252,1142 238,7718
251,9664 238,6907
251,9652 238,6835
251,8541 238,5313
251,8611 238,5269
251,8151 238,5008
251,7267 238,4494
251,7263 238,3863
251,6867 238,3656
251,6647 238,2928
251,6489 238,2529
251,6256 238,1521
251,6057 238,0499
251,6094 237,8696
251,6381 237,7469
251,6562 237,6242
251,6601 237,6352
251,7041 237,494
251,8078 237,1901
251,8404 237,0455
251,8786 236,9085
251,9246 236,7986
251,9279 236,6631
252,0443 236,5425
252,0447 236,5329
252,0596 236,4451
252,0378 236,331
252,0123 236,2074
251,9464 236,1744
251,8301 236,0175
251,6963 235,8355
251,6629 235,6893
251,6561 235,6913
251,6061 235,4873
251,5761 235,292
251,5654 235,1333
251,5767 235,0102
251,6371 234,8977
251,7575 234,7393
251,8039 234,6978
251,7953 234,7115
251,8362 234,6211
251,9256 234,5016
251,9494 234,457
251,9572 234,3888
251,9448 234,2294
251,9477 234,2284
251,9919 234,1454
252,0579 233,8715

#4
262 301
261,7884 300,1689
261,6803 299,395
261,63 297,2627
261,662 296,3354
261,6622 296,3349
261,6621 296,3349
261,662 296,3347
262,5561 291,9643
262,686 290,228
262,6175 289,5286
262,613 288,4015
262,5391 287,3279
262,5287 286,122
262,2927 285,0096
262,2924 285,0109
261,7183 281,8863
261,5084 280,1651
261,0641 277,8365
260,9051 276,1586
260,6834 275,1599
260,6833 275,1599
260,5763 274,1326
260,1649 271,2002
259,9547 270,0528
259,7272 269,0069
259,6009 267,9093
259,1539 265,7614
258,6652 263,413
258,665 263,4124
258,4792 262,4577
258,226 261,2426
257,8633 260,2573
257,2571 258,0866
256,8759 257,0142
256,3807 255,8244
256,0536 255,0764
256,0399 255,0784
255,205 252,8413
254,6544 251,8183
254,2765 251,0929
253,7166 250,4823
253,1538 249,731
252,118 248,6656
251,6515 248,2742
251,2298 247,789
250,8871 247,4958
250,5807 247,0836
250,1759 246,6447
249,9429 246,3783
249,7694 246,0232
249,6998 245,7813
249,4542 245,6336
249,2993 245,4247
249,0729 245,0346
248,9817 244,7997
248,9253 244,6098
248,8487 244,4597
248,8341 244,1237
248,7102 243,7943
248,6337 243,499
248,6381 243,4997
248,5253 243,1623
248,369 242,5546
248,2676 242,2707
248,1558 242,0319
248,0527 241,6693
247,896 241,3761
247,7592 241,0243
247,6975 240,7629
247,6004 240,4167
247,5416 240,1335
247,4585 239,9254
247,4313 239,8585
247,3073 239,7297
247,1985 239,6261
247,1913 239,6203
247,0498 239,5377
246,7851 239,5284
246,5802 239,4383
246,4425 239,3294
246,3016 239,2065
246,2934 239,213
246,1819 239,0237
246,1808 239,0292
246,1524 238,9951
246,0604 238,9562
246,0698 238,8987
246,0205 238,8653
246,0258 238,7863
246,0208 238,7315
246,04 238,6342
246,0319 238,5194
246,0218 238,3469
246,0533 238,2188
246,0737 238,0771
246,0742 238,0784
246,121 237,9023
246,1913 237,7029
246,2137 237,5556
246,2474 237,4172
246,2937 237,2758
246,3138 237,1027
246,4108 236,9632
246,4063 236,9585
246,4156 236,8748

#5
235 265
234,7593 264,6349
234,5698 264,4322
233,5437 263,9387
233,0655 263,5531
233,0653 263,5531
233,0649 263,5532
233,0645 263,5518
230,6672 262,1223
229,7331 261,36
229,4333 261,002
228,9878 260,6548
228,5402 260,237
228,118 260,0568
227,6448 259,6948
227,6425 259,694
226,2433 258,8369
225,5214 258,2434
224,6514 257,6425
224,165 257,094
223,8204 256,6829
223,8199 256,6832
223,5143 256,4158
223,0736 255,6408
222,7862 255,5128
222,5669 255,3054
222,4192 255,1808
222,2143 255,056
221,8945 254,7457
221,8947 254,7452
221,7767 254,5796
221,6292 254,4075
221,5341 254,2229
221,3263 253,6012
221,2438 253,2339
221,155 252,6125
221,078 252,3654
221,0792 252,3527
220,8797 251,8297
220,746 251,5144
220,6201 251,1981
220,4779 250,8479
220,291 250,4585
220,0286 249,9794
219,9176 249,7446
219,7807 249,508
219,6324 249,2059
219,4794 248,8155
219,2283 248,4442
219,1517 248,3213
218,9762 248,0862
218,7635 247,7901
218,61 247,534
218,5116 247,3465
218,3144 247,0054
218,1617 246,7659
218,0249 246,4881
217,8149 246,2078
217,1491 245,1019
216,7922 244,6028
216,4846 244,205
216,4819 244,2068
216,2163 243,7267
215,2891 242,4858
214,978 242,1617
214,7224 241,8271
214,4636 241,5577
214,1547 241,2884
213,9444 241,0961
213,6593 240,7594
213,3485 240,2928
213,1416 239,9358
212,9367 239,6661
212,7883 239,444
212,5626 239,0608
212,3687 238,735
212,273 238,5862
212,0578 238,3116
211,7159 237,7099
211,5725 237,4086
211,4743 237,2378
211,3486 236,9662
211,3456 236,9684
211,2628 236,872
211,272 236,8776
211,1916 236,9474
211,1298 236,8503
211,0769 236,7811
211,0484 236,7753
210,9242 236,6457
210,8866 236,6136
210,7948 236,518
210,781 236,4261
210,7262 236,3708
210,6353 236,2156
210,6046 236,1064
210,6109 236,1111
210,5689 236,0246
210,6077 235,9483
210,5653 235,8661
210,4996 235,7148
210,4593 235,595
210,3762 235,4806
210,2506 235,2764
210,2547 235,2725
210,1681 235,1674
210,0847 235,0563
210,0068 234,9359
209,8452 234,6885
209,7687 234,5405
209,6213 234,2514
209,5 234,0354
209,4934 234,0351
209,3285 233,5972
209,194 233,3744
209,086 233,2546
208,9434 233,101
208,8919 232,9124
208,8102 232,7345
208,6349 232,565
208,6183 232,5273
208,5335 232,2437
208,3548 231,7826
208,1835 231,2803
208,024 230,9427
207,8156 230,5054
207,8143 230,505
207,7575 230,4166
207,3243 229,2694
206,7697 228,5787
206,6617 228,4035
206,4475 228,0267
206,2717 227,7259
205,4844 226,9521
205,2659 226,644
205,0811 226,4835
205,0786 226,4922
204,9789 226,3266
204,7582 226,2338
204,6166 226,1105
204,5229 226,0009
204,3068 225,7251
204,2758 225,6057
204,0781 225,4479

#6
231 239
231,016 238,6617
230,9449 238,3691
230,8423 237,9389
230,7339 237,6204
230,7415 237,6266
230,6406 237,0817
230,5847 236,7829
230,4765 236,526
230,4319 236,3349
230,2742 236,0332
230,1793 235,4612
230,1067 235,173
230,0099 234,8991
229,8803 234,6873
229,769 234,415
229,6736 234,1228
229,6353 233,9558
229,5192 233,7043
229,4378 233,4248
229,3471 233,1661
229,251 232,9707
229,1294 232,7984
229,0829 232,6794
228,9413 232,5674
228,7964 232,431
228,7168 232,2712
228,6575 232,1405
228,6296 231,9502
228,6277 231,9427
228,5606 231,8208
228,4216 231,6329
228,3702 231,5151
228,3167 231,439
228,3394 231,349
228,4009 231,1231
228,3866 230,9359
228,3883 230,7177
228,2834 230,3183
228,2334 229,9336
228,2567 229,456
228,3231 229,0824
228,3025 228,3717
228,1719 228,0399
228,117 227,9036
228,0524 227,6461
227,9199 227,1772
227,8365 226,9218
227,7517 226,7763
227,6825 226,5639
227,6924 226,5855
227,6101 226,3708
227,6055 226,3742
227,5365 226,2155
227,4039 226,1646
227,3482 226,0987
227,1978 226,0086
227,0838 225,9178
227,0715 225,8739
227,0468 225,8494
227,0136 225,8267
226,8753 225,865
226,8219 225,7866
226,7732 225,6803
226,7715 225,6633
226,6908 225,5448
226,6351 225,4103
226,5607 225,2665
226,5223 225,1171
226,4823 225,0088
226,4228 224,8102
226,3427 224,6934
226,3534 224,7009
226,2946 224,63
226,2055 224,4715
226,0961 224,2826
225,925 223,9061
225,6623 223,529
225,3696 222,9088
225,1229 222,5903
225,1196 222,5944
224,5555 221,7016
224,2998 221,3837
224,0403 221,0376
223,7587 220,7529
223,5535 220,4849
223,3106 220,3945
223,1076 220,2438
223,0921 220,2423
222,9059 220,0603
222,6481 219,7767
222,2887 219,389
222,0837 219,1865
221,7581 218,7847
221,7522 218,7937
221,6582 218,7073
221,5261 218,1336
221,1422 217,7156
221,0058 217,5867
220,8178 217,3976
220,6498 217,2459
220,3489 217,1677
220,1404 217,1873
219,9697 217,1375
219,9734 217,1333
219,8652 217,1233
219,6784 217,1804
219,5434 217,1416
219,4512 217,1118
219,2714 216,9817
219,1812 216,9347
218,89 216,9514
218,8014 216,8248
218,6405 216,7165
218,5352 216,6559
218,4539 216,6113
218,3868 216,6732
218,3087 216,6181
218,2507 216,5536
218,1822 216,5432
218,1328 216,5944
217,9533 216,4986
217,885 216,4341
217,8411 216,389
217,8439 216,3851
217,8068 216,3059
217,6705 216,1208
217,6339 216,0563

#7
212 263
211,589 263,0646
211,1944 263,1483
210,7108 263,2015
210,4615 263,2972
209,5089 263,587
209,1011 263,7946
208,7606 264,0065
207,6441 264,4868
207,1756 264,631
207,1755 264,6312
207,1748 264,6279
207,1749 264,6279
205,4058 265,5947
204,9013 265,839
204,7251 265,913
204,4731 266,0118
204,128 266,1363
203,8759 266,1342
203,4891 266,2344
203,4965 266,231
202,6623 266,5455
202,1929 266,5592
201,6861 266,3987
201,2654 266,382
200,8227 266,3721
200,824 266,3721
200,4868 266,323
200,0888 266,1556
199,73 266,1108
199,4223 266,1197
199,1845 266,1513
198,8144 266,1884
198,6176 266,2762
198,6175 266,2765
198,4789 266,3208
198,2735 266,3651
198,1076 266,4048
197,8992 266,4359
197,7603 266,4336
197,5948 266,4017
197,4285 266,4304
197,4329 266,4179
197,055 266,522
196,7632 266,59
196,4996 266,6762
196,279 266,7429
196,0374 266,8093
195,7564 266,8715
195,615 266,8881
195,4533 266,9157
195,3461 266,9151
195,2219 266,9399
195,0512 266,9383
194,9326 266,9706
194,7976 266,9714
194,7321 266,9673
194,6546 266,9626
194,6028 266,9778
194,5221 267,0187
194,4982 267,0023
194,4391 267,0033
194,3994 267,0209
194,3134 267,072
194,2142 267,1103
194,1284 267,1337
194,1246 267,1343
194,0533 267,1505
193,8959 267,1641
193,7753 267,1858
193,6832 267,1973
193,5511 267,2205
193,3883 267,2778
193,2824 267,3095
193,1757 267,3668
193,0404 267,3939
192,9658 267,4065
192,8958 267,4142
192,8179 267,4348
192,7041 267,4844
192,597 267,51
192,55 267,5247
192,4411 267,5499
192,1758 267,6218
191,9641 267,6624
191,7615 267,6949
191,543 267,7543
191,5457 267,7429
191,1489 267,8196
191,1397 267,8163
190,8766 267,8525
190,7938 267,8624
190,6796 267,8521
190,5747 267,8412
190,417 267,827
190,3841 267,825
190,3202 267,8296
190,204 267,8483
190,1276 267,8331
189,9564 267,8362
189,8224 267,8456
189,8227 267,8434
189,703 267,8367
189,6192 267,804
189,5096 267,7902
189,4155 267,7205
189,3411 267,7359
189,1762 267,7657
188,9425 267,7809
188,9375 267,7773
188,7463 267,7993
188,5451 267,7939
188,3911 267,7842
188,1452 267,7562
188,0237 267,7285
187,8698 267,6772
187,7647 267,6414
187,764 267,6428
187,6042 267,5753
187,5435 267,5393
187,4842 267,5302
187,3837 267,5245

#8
210 244
209,8172 243,8123
209,5882 243,6699
209,4299 243,6259
209,2393 243,5461
209,2406 243,5562
208,7863 243,5332
208,5355 243,3865
208,2738 243,2105
208,0569 243,0914
207,8879 242,9757
207,8857 242,9779
207,6503 242,8134
207,2539 242,5731
207,0891 242,4173
206,8971 242,2195
206,702 242,001
206,4737 241,4218
206,1181 240,6365
206,1186 240,6457
205,8672 240,3903
205,575 240,0298
205,346 239,7361
204,8503 239,2861
204,6571 239,0562
204,4976 238,7408
204,3765 238,6202
204,3727 238,6246
204,1651 238,5058
204,029 238,4571
203,9207 238,3782
203,8172 238,2918
203,7162 238,1862
203,584 238,049
203,5272 237,9635
203,4166 237,8793
203,3401 237,8271
203,2445 237,8017
203,0828 237,7574
203,0053 237,7342
202,9298 237,7266
202,7891 237,6873
202,6775 237,6684
202,5853 237,6074
202,3987 237,5436
202,2808 237,5025
202,1871 237,4606
202,0613 237,4395
201,7604 237,3705
201,6089 237,3105
201,495 237,2666
201,4854 237,2666
201,3258 237,1858
200,9015 236,9471
200,7094 236,8193
200,5624 236,7247
200,3501 236,6095
200,0405 236,5538
199,9062 236,4859
199,7437 236,3739
199,5565 236,1108
199,3831 235,8695
199,1685 235,6317
198,9801 235,4696
198,6154 234,9853
198,4693 234,7527
198,4228 234,6347
198,3469 234,4209
198,2553 234,1356
198,1429 233,8436
198,0536 233,6102
197,9058 233,3749
197,9036 233,382
197,836 233,2689
197,8465 233,2701
197,7345 233,0784
197,6335 232,7998
197,5258 232,5893
197,3965 232,3011
197,2872 232,0399
197,2544 231,9826
197,1934 231,9046
197,1333 231,8818
197,1131 231,8843
196,8791 231,7107
196,6463 231,5713
196,6453 231,5759
196,4795 231,4161
196,3972 231,342
196,2586 231,312
196,1654 231,2861
196,0904 231,2429
196,0148 231,1601
195,9411 231,1032
195,9453 231,1097

#9
236 274
235,3671 273,2944
233,2155 271,1383
232,4208 270,5002
231,752 269,832
231,7559 269,8336
231,0624 269,2049
228,9959 267,8399
228,2936 267,5658
227,6158 267,0971
226,7864 266,5298
225,6897 266,085
224,9892 265,8187
224,3943 265,317
223,3528 264,8669
222,4597 264,5475
221,6783 264,2363
220,8176 263,9651
218,8265 263,4544
217,968 263,1733
217,5036 263,0972
216,7995 262,8979
215,38 262,845
214,5585 262,7451
214,0433 262,7947
213,3308 262,7724
213,3246 262,7836
211,4103 262,9342
211,4075 262,9387
210,5196 263,1832
209,8187 263,2399
209,2856 263,195
208,1934 263,2455
207,6767 263,2711
207,5498 263,282
207,1865 263,3273
206,7039 263,4098
205,9472 263,6246
205,2796 263,7721
204,955 263,8654
204,955 263,8651
204,7161 263,9342
204,2751 264,0395
204,0087 264,0488
203,721 264,0646
203,6602 263,9548
203,639 263,7781
203,372 263,5717
203,3665 263,5651
203,0818 263,3566
203,052 262,9631
202,8114 262,7542
202,5501 262,2314
202,4047 261,8922
202,3609 261,5273
202,1428 261,4291
202,1933 261,4099
202,1493 261,0737
201,9422 261,0259
201,901 260,9247
201,7371 260,8713
201,5842 260,7617
201,5149 260,6222
201,358 260,6341
201,3249 260,6531
201,1932 260,642
201,1104 260,6235
200,9725 260,5368
200,9202 260,4783
200,8215 260,4011
200,8122 260,4027
200,7125 260,3759
200,6664 260,1678
200,3803 260,0847
200,2207 260,0795
199,9513 260,1321
199,7471 260,1584
199,5736 260,1293
199,2441 260,1153
199,0603 260,1377
199,0562 260,1476
198,8935 260,1368
198,716 260,119
198,6025 260,0567
198,5179 260,0319
198,3567 260,0571
198,2938 260,0521
198,0565 260,1231
197,9201 260,1385
197,7361 260,1683
197,6453 260,2
197,5599 260,2162
197,4686 260,2673
197,4378 260,2648
197,3809 260,2668
197,3105 260,2468
197,2624 260,2242
197,1219 260,2648
197,0295 260,2873
196,9705 260,3244
196,9734 260,3206
196,9096 260,3538
196,6738 260,3709
196,5629 260,3867
196,4443 260,4041
196,3078 260,3969
196,2751 260,4059
196,0329 260,4154
195,8976 260,3995
195,7753 260,3657
195,6785 260,3438
196,0566 260,1248
195,8781 260,2177
195,621 260,3371
195,5119 260,3757
195,3254 260,3739

#10
260 289
259,8465 288,343
259,6587 287,3618
259,6613 286,6992
259,3435 286,0584
258,7866 284,9695
258,506 283,9697
258,3021 283,3159
258,3025 283,3164
258,0921 282,649
257,4244 280,9678
257,1516 280,1375
256,8227 279,5341
256,5933 278,8315
256,0532 277,7141
255,3857 276,6343
255,3832 276,6809
254,9861 275,8588
254,4483 275,1142
254,0622 274,6049
253,2285 273,6878
252,5057 272,7364
251,9354 272,0115
251,3448 271,2273
250,7882 270,389
250,3184 269,6389
249,9631 269,074
249,3318 267,7416
249,2405 267,1711
249,0328 266,5733
246,9975 263,347
246,7496 262,859
246,7502 262,8596
246,7508 262,8605
246,7731 262,8543
244,525 258,2628
244,3935 257,7763
244,3395 257,636
244,2394 257,312
244,0523 256,7878
243,6835 256,3224
243,295 255,703
243,2873 255,6999
241,7318 253,082
241,1172 251,3848
240,4987 248,864
240,2408 248,1024
239,8858 247,4877
239,8861 247,4891
239,526 246,9865
238,9748 246,2734
238,6399 245,9047
238,4547 245,6501
238,3139 245,2682
237,9926 244,7083
237,709 244,2682
237,6861 244,2538
237,577 243,8242
237,3903 243,4209
237,3079 243,0716
237,2666 242,3223
237,1109 241,758
236,8575 241,0553
236,6986 240,6465
236,7007 240,6513
236,4107 239,7037
236,2649 239,3706
236,0728 239,0414
236,0202 238,7892
235,8021 238,4592
235,6365 237,7865
235,5081 237,453
235,3867 237,0772
235,2414 236,7785
235,1038 236,4189
234,9806 236,0724
234,8736 235,8615
234,7835 235,5512
234,7928 235,2298
234,7749 234,953
234,6795 234,7974
234,6446 234,6492
234,6323 234,5117
234,5268 234,4436
234,4389 234,3427
234,3916 234,2849
234,3849 234,186
234,377 234,0516
234,3821 234,0472
234,3736 233,9556
234,2401 233,8778
234,2231 233,7387
234,2176 233,5723
234,2455 233,3223
234,3414 232,8565
234,3808 232,6532
234,4476 232,3429
234,4276 231,7776
234,4832 231,4586
234,5399 231,0386
234,5867 230,8205
234,6615 230,4695
234,5783 230,2211
234,5477 230,1116
234,5035 229,8842
234,3651 229,7473
234,2287 229,6599
234,1372 229,584
234,0301 229,4948
234,0411 229,5137
233,8607 229,4348
233,8689 229,4297
233,8021 229,4169
233,7041 229,401
233,6683 229,3403
233,5899 229,2942
233,5716 229,2237
233,5612 229,1905
233,5259 229,1873
233,5146 229,182
233,4998 229,1992
233,5007 229,1562
233,5095 229,0438
233,5134 229,0201
233,5361 228,8664
233,5239 228,7151
233,5158 228,5575
233,5314 228,4007

#11
208 204
208,023 203,8556
207,9092 203,8045
207,8154 203,696
207,6419 203,6046
207,463 203,4237
207,3299 203,3118
207,1678 203,2203
207,1662 203,2181
207,0335 203,1667
206,8093 202,9138
206,6247 202,8757
206,4321 202,7978
206,2552 202,6013
206,2413 202,5929
206,0681 202,3747
206,2424 202,2497
206,1114 202,0921
205,912 201,9234
205,7246 201,6224
205,5162 201,2661
205,2676 200,7296
205,2828 200,7233
205,1124 200,4349
205,0123 200,313
204,9188 200,1635
204,8054 200,0659
204,753 199,9882
204,7249 199,8709
204,6532 199,7654
204,6545 199,7677
204,5797 199,6256
204,5043 199,5165
204,4267 199,3677
204,3335 199,2602
204,2341 199,1038
204,1684 198,944
204,0299 198,8365
203,8511 198,6805
203,7325 198,5286
203,6166 198,2735
203,6205 197,9824
203,5851 197,872
203,5547 197,7208
203,4835 197,55
203,4347 197,3802
203,3834 197,2892
203,3399 197,1427
203,3113 197,091
203,2951 197,0513
203,259 196,9794
203,1563 196,8219
203,0705 196,7468
202,9735 196,6924
202,9852 196,6749
202,9442 196,6488
202,8988 196,6672
202,8131 196,5891
202,7696 196,5588
202,6827 196,5322
202,6414 196,4696
202,584 196,4064
202,4321 196,3457
202,3085 196,2389
202,2122 196,1833
202,1128 196,1498
202,0401 196,1116
201,9077 196,0704
201,7833 195,9756
201,7094 195,8803
201,6332 195,8159
201,5247 195,7257
201,467 195,6496
201,4001 195,6036
201,3272 195,554
201,3321 195,5526
201,31 195,4632
201,2934 195,4621
201,2944 195,3884
201,2236 195,2834
201,2127 195,2186
201,1626 195,0742
201,122 194,9624
201,1175 194,9122
201,0736 194,8066
201,0038 194,6209
200,894 194,396
200,7983 194,2306
200,7329 194,0764
200,7301 194,0797
200,683 193,9373
200,5954 193,6691
200,49 193,5147
200,4152 193,4057
200,338 193,26
200,2173 193,1112
200,0607 192,869
200,0543 192,8718
199,9801 192,7781
199,8709 192,7176
199,7245 192,6413
199,4118 192,4999
199,2627 192,4041
199,0589 192,3044
198,9621 192,2788
198,9682 192,2726

#12
255 281
254,6686 280,134
254,047 278,752
253,3534 277,6985
253,3443 277,7395
252,8439 276,9546
252,241 276,1284
251,8632 275,8726
251,048 275,2835
250,2232 274,3831
249,5513 273,7074
248,9138 272,9328
248,4008 272,1609
247,8794 271,4322
247,497 270,8427
246,9271 269,6246
246,7638 268,9955
246,5415 268,4672
244,4539 265,571
244,3513 265,2395
244,3519 265,2401
244,3524 265,2413
244,3487 265,2376
241,9701 260,1938
241,7846 259,4231
241,6458 259,1791
241,5127 258,6704
241,3319 258,0652
241,0169 257,634
240,5979 257,114
240,5833 257,11
239,2137 254,8605
238,4236 253,5255
237,6207 251,3042
237,2537 250,2483
236,8254 249,5656
236,8258 249,5659
236,4641 249,0659
235,8442 248,2994
235,6146 248,0403
235,3528 247,7226
235,1352 247,3043
234,7666 246,759
234,4663 246,1407
234,4709 246,1389
234,3716 245,6107
234,1548 245,1227
234,0423 244,7101
233,8127 243,9124
233,6068 243,3426
233,3269 242,4359
233,1119 241,9744
233,1158 241,9636
232,6586 241,003
232,483 240,6161
232,2451 240,2227
232,1278 239,8555
231,9015 239,479
231,7256 238,756
231,6259 238,4342
231,5364 238,0773
231,4241 237,7655
231,2773 237,3925
231,1373 237,0481
231,0656 236,9039
230,917 236,6377
230,8399 236,3446
230,7516 236,0825
230,6523 235,8812
230,5551 235,6833
230,4795 235,5473
230,3498 235,4351
230,2316 235,3329
230,177 235,2663
230,1499 235,1227
230,1239 234,9203
230,1227 234,9164
230,0961 234,7695
229,9205 234,6517
229,8763 234,4834
229,8348 234,2629
229,8782 233,9864
230,1337 233,5861
230,1923 233,3434
230,2403 232,9899
230,2007 232,5354
230,2085 232,1639
230,2143 231,779
230,2489 231,6358
230,242 231,2923
230,1186 231,004
230,0412 230,8947
230,0138 230,6587
229,8345 230,2819

#13
243 285
242,2582 284,3906
241,4665 283,7912
240,3082 282,8196
238,3294 281,5199
237,5932 280,8822
236,5958 280,2492
235,2787 279,1202
234,3351 278,3195
233,6568 277,6655
232,6906 276,8483
231,5563 276,1923
230,642 275,5134
229,9703 274,9886
227,6734 273,1231
227,0244 272,3806
226,3806 271,7352
226,3799 271,738
225,7513 271,1656
224,1524 269,8159
223,6258 269,4922
223,1066 269,0921
222,4098 268,5576
221,3667 268,1319
220,6521 267,8235
220,114 267,3376
219,1309 266,9185
218,3857 266,6121
217,6459 266,3603
216,925 266,1232
215,4253 265,6128
214,644 265,3609
214,2941 265,3581
213,5615 265,2368
212,093 265,2736
211,2064 265,2226
210,5305 265,2786
209,7389 265,3811
209,7353 265,389
207,8346 266,2138
207,826 266,2184
206,7659 266,7393
206,1458 266,9178
205,6305 267,0176
204,5356 267,2783
204,0455 267,3477
203,8808 267,3624
203,5746 267,4163
203,2059 267,5024
202,779 267,6443
202,3007 267,7764
202,0414 267,8093
202,0417 267,8087
201,7159 267,9113
201,4306 267,8804
201,2187 267,8953
200,9173 267,8839
200,8221 267,8853
200,7 267,8882
200,3828 267,7947
200,3761 267,7769
200,1596 267,6632
200,0345 267,4061
199,8268 267,2372
199,6898 266,7493
199,6094 266,4931
199,5357 266,1873
199,3756 266,114
199,394 266,1068
199,3779 265,7818
199,2905 265,6964
199,223 265,625
199,0562 265,5758
198,9073 265,5048
198,878 265,3929
198,7868 265,3745
198,7818 265,3725
198,7253 265,35
198,7266 265,2922
198,655 265,1987
198,5451 265,164
198,4225 265,1248
198,4286 265,1175
198,353 265,1173
198,2 265,1817
197,8554 265,1509
197,7193 265,1375
197,5471 265,1447
197,4357 265,1599
197,3855 265,1334
197,2142 265,0858
197,0841 265,0896
197,0863 265,0856
196,9407 265,0838
196,7377 265,0237
196,6717 264,9637
196,6205 264,9418
196,5249 264,9366

#14
646 154
646,1472 154,3538
646,1216 154,3283
646,1221 154,3058
646,1239 154,2934
646,1151 154,2763
646,108 154,2789
646,107 154,2706
646,1163 154,2731
646,1078 154,2664
646,1147 154,2712
646,1011 154,2661
646,1053 154,2473
646,1138 154,2351
646,1167 154,2215
646,1104 154,2346
646,1398 154,224
646,1398 154,2302
646,1352 154,2248
646,1496 154,2247
646,1711 154,211
646,1786 154,2155
646,1914 154,2201
646,1943 154,2133
646,1863 154,2129
646,1972 154,2077
646,2109 154,2204
646,2014 154,2147
646,2037 154,2116
646,2213 154,1883
646,2217 154,1998
646,2115 154,1816
646,2159 154,1706
646,2227 154,163
646,2311 154,1505
646,2399 154,1454
646,2511 154,1284
646,2527 154,1164
646,2502 154,1141
646,242 154,1093
646,2463 154,1077
646,2321 154,0871
646,2298 154,0815
646,2251 154,0593
646,2256 154,0649
646,2335 154,0558
646,2338 154,0431
646,2369 154,0377
646,2422 154,0338
646,2444 154,0374
646,2648 154,0495
646,2545 154,0058
646,2558 154,0078
646,2512 154,0097
646,2386 154,0135
646,2357 154,0119
646,2404 154,0144
646,2491 153,9992
646,2454 154,0125
646,2313 154,0266
646,2256 154,0329
646,2062 154,0237
646,2041 154,025
646,2113 154,0245
646,2126 154,0285
646,2158 154,0254
646,2169 154,0199
646,2067 154,0193
646,2123 153,9955
646,2137 153,9836
646,2283 153,9814
646,2277 153,9866
646,2294 153,9609
646,2394 153,9552
646,2394 153,9533
646,2498 153,9538
646,2559 153,9469
646,2546 153,9385
646,2581 153,9383
646,2595 153,9408
646,254 153,941
646,2517 153,9359
646,2659 153,9186
646,262 153,9126
646,2552 153,9151
646,2534 153,9204
646,2487 153,9146
646,2397 153,9149
646,2302 153,9077
646,2274 153,9006
646,2148 153,8961
646,2156 153,8897
646,2126 153,8781
646,216 153,8793
646,215 153,8832
646,2114 153,8794
646,2139 153,8707
646,2007 153,8789
646,2047 153,8671
646,2008 153,8669
646,1902 153,8615
646,1906 153,8478
646,1862 153,847
646,1872 153,8473
646,1887 153,8458
646,1907 153,842
646,1697 153,8378
646,1663 153,8362
646,1669 153,8434
646,1619 153,8411
646,1589 153,8408
646,1466 153,8448
646,1386 153,8503
646,1262 153,8572
646,1154 153,8563
646,1217 153,8508
646,1202 153,8442
646,1154 153,8432
646,1169 153,8424
646,1176 153,8358
646,1176 153,8402
646,0722 153,8201
646,0781 153,8302
646,0773 153,8307
646,0774 153,8308
646,0781 153,8299
646,0741 153,8298
646,074 153,83
646,074 153,8302
646,0497 153,8418
646,0561 153,849
646,0605 153,8652
646,0549 153,869
646,0487 153,8618
646,0403 153,8697
646,042 153,868
646,0361 153,8722
646,0383 153,8708
646,0516 153,8653
646,0521 153,8602
646,0638 153,8511
646,0715 153,8493
646,0773 153,855
646,084 153,8649
646,1032 153,8599
646,1118 153,866
646,1124 153,8676
646,114 153,8714
646,1212 153,884
646,1215 153,8791
646,1449 153,856
646,1316 153,8812
646,1326 153,8605
646,1357 153,8666
646,1389 153,8665
646,1367 153,8723
646,1202 153,86
646,1075 153,8617
646,1084 153,8568
646,1027 153,8539
646,0959 153,8516
646,0952 153,8494
646,0809 153,8496
646,0729 153,8431
646,0723 153,834
646,0736 153,8318
646,0709 153,8391
646,0728 153,8303
646,0748 153,833
646,0762 153,8319
646,086 153,84
646,091 153,8463
646,0884 153,8568
646,0903 153,8469
646,0936 153,851
646,0932 153,8451
646,09 153,8386
646,0979 153,8345
646,1051 153,8369
646,1044 153,8415
646,0964 153,845
646,0984 153,8459
646,0983 153,8358
646,084 153,8575
646,088 153,8483
646,0671 153,8477
646,0691 153,849
646,0733 153,8484
646,0703 153,8457
646,0693 153,8495
646,0616 153,8608
646,0621 153,8603
646,0573 153,8554
646,0594 153,8503
646,0564 153,8428
646,0525 153,8446
646,0504 153,8525
646,0598 153,8572
646,0723 153,8619
646,0701 153,8591
646,107 153,8338
646,1073 153,8215
646,1078 153,8206
646,1078 153,8213
646,1034 153,8216
646,0942 153,8288
646,0996 153,8279
646,0957 153,8306
646,0949 153,824
646,0863 153,8198
646,0827 153,8155
646,0892 153,82
646,0972 153,8169
646,0941 153,8232
646,1008 153,829
646,0989 153,8339
646,0956 153,8281
646,092 153,8336
646,0906 153,8259
646,0933 153,8157
646,0918 153,8185
646,097 153,8158
646,1031 153,8096
646,1079 153,8087
646,1043 153,8138
646,1044 153,812
646,107 153,8051
646,0977 153,809
646,095 153,8148
646,0841 153,8215
646,0851 153,8116
646,084 153,8154
646,0875 153,8214
646,0819 153,8228
646,0818 153,8218
646,0838 153,8233
646,0804 153,8277
646,077 153,8302
646,0857 153,8253
646,0854 153,8266
646,0911 153,8288
646,0899 153,823
646,0849 153,824
646,0991 153,8154
646,1029 153,8099
646,1041 153,8103
646,1042 153,8098
646,1037 153,8092
646,0929 153,804
646,0717 153,8026
646,1202 153,7936
646,1325 153,7759
646,1325 153,7757
646,1326 153,7759
646,1326 153,7758
646,1326 153,776
646,1326 153,776
646,093 153,7854
646,0904 153,7934
646,0876 153,7981
646,0848 153,7965
646,0865 153,81
646,0842 153,8082
646,0815 153,811
646,0616 153,8139
646,0532 153,8191
646,0526 153,8203
646,0548 153,8226
646,0463 153,8187
646,049 153,8073
646,046 153,8118
646,0494 153,8105
646,0427 153,8162
646,0411 153,8157
646,0435 153,8336
646,05 153,843
646,0322 153,8278
646,0382 153,8328
646,0369 153,8327
646,0387 153,8446
646,0285 153,8523
646,0346 153,8527
646,0417 153,8522
646,0409 153,853
646,0443 153,8597
646,0411 153,8555
646,0394 153,8549
646,0428 153,8594
646,0389 153,8554
646,045 153,8505
646,0511 153,8512
646,0458 153,853
646,0505 153,8543
646,0552 153,8465
646,0563 153,8473
646,0547 153,8479
646,0483 153,8469
646,0426 153,8346
646,0416 153,8358
646,048 153,8368
646,052 153,8321
646,0695 153,8223
646,0721 153,8224
646,0715 153,8212
646,0662 153,8225
646,0581 153,8244
646,0615 153,8144
646,0549 153,8141

#15
665 139
665,0512 138,9592
665,0543 138,9495
665,0521 138,9519
665,0518 138,9374
665,0464 138,9556
665,0502 138,9515
665,0674 138,9686
665,0646 138,9718
665,0668 138,9667
665,0694 138,996
665,0626 138,9978
665,0641 138,9874
665,0681 138,9914
665,0599 139,0055
665,0593 139,0033
665,0478 139,0191
665,0496 139,0276
665,0505 139,027
665,0516 139,0247
665,0512 139,0289
665,0519 139,0285
665,0568 139,0175
665,0564 139,0034
665,071 139,011
665,0692 139,004
665,0899 138,9957
665,0837 138,9799
665,0918 138,9658
665,0984 138,9593
665,1014 138,957
665,1011 138,9569
665,1092 138,9599
665,1121 138,9659
665,1158 138,9652
665,1191 138,9711
665,114 138,965
665,1194 138,9632
665,1189 138,9648
665,1364 138,9649
665,1511 138,9587
665,1372 138,97
665,1387 138,9746
665,1426 138,9851
665,1436 138,9783
665,1442 138,9759
665,1445 138,9666
665,1398 138,9654
665,14 138,9668
665,1456 138,9708
665,1512 138,9376
665,1218 138,9298
665,1342 138,9448
665,1333 138,9457
665,1259 138,953
665,1224 138,9546
665,1154 138,9783
665,1027 138,9745
665,1015 138,9818
665,0778 139,016
665,0935 139,0223
665,0786 139,0227
665,0941 139,0042
665,0993 139,006
665,1007 139,0048
665,0998 139,0034
665,0987 139,0022
665,1004 139,0009
665,1031 138,9906
665,0992 138,9948
665,0966 138,9931
665,0926 138,9924
665,0858 138,9696
665,0859 138,9623
665,0938 138,9705
665,0965 138,9712
665,1104 138,9723
665,1013 138,9723
665,1005 138,972
665,1022 138,9701
665,1003 138,9669
665,1016 138,9658
665,1003 138,9701
665,1011 138,9711
665,1016 138,9696
665,1065 138,9585
665,0892 138,95
665,0878 138,9442
665,0912 138,9443
665,0958 138,9453
665,0923 138,941
665,0919 138,944
665,0978 138,944
665,0939 138,946
665,0943 138,9485
665,0997 138,9436
665,1036 138,9444
665,1041 138,9422
665,1091 138,9424
665,1044 138,9233
665,0864 138,9065
665,0574 138,9013
665,0581 138,9014
665,0583 138,9017
665,0568 138,9016
665,0568 138,904
665,0598 138,8972
665,0545 138,8981
665,0643 138,9091
665,0677 138,913
665,064 138,9188
665,0582 138,9189
665,0544 138,9191
665,0429 138,9149
665,0242 138,8997
665,0264 138,9014
665,0343 138,9
665,0327 138,904
665,0333 138,9051
665,0364 138,9077
665,0378 138,908
664,9799 138,8807
664,9822 138,8778
664,9825 138,8764
664,9823 138,8762
664,9821 138,8774
664,9817 138,873
664,9816 138,8735
664,9815 138,8738
664,9857 138,8783
664,9886 138,8812
664,9881 138,882
664,9979 138,8875
197 256
196,7415 256,0432
196,652 256,0425
196,5261 256,0422
196,2214 256,0244
195,9938 255,9723
195,9944 255,9723
195,9917 255,9715
195,9903 255,9715
195,9482 255,7885
195,7826 255,7569
195,6835 255,7433
195,5241 255,7537
195,2968 255,7609
195,0909 255,7274
194,8617 255,7225
194,8526 255,7238
194,3364 255,7409
193,9396 255,7761
193,6797 255,7447
193,4078 255,7186
193,1081 255,705
193,1199 255,6988
192,8154 255,6572
191,9489 255,7179
191,5721 255,7088
191,1893 255,739
190,7535 255,7564
190,241 255,8167
189,5563 255,8
189,5603 255,798
189,2126 255,7386
188,7228 255,7062
188,4017 255,7047
187,8839 255,6458
187,6322 255,639
187,3773 255,5905
187,0968 255,5997
187,0988 255,6039
186,6875 255,5942
186,4083 255,6179
186,0594 255,6401
185,7313 255,6474
185,3186 255,6946
184,5478 255,8445
184,224 255,94
183,8115 256,0305
183,4777 256,0866
183,0722 256,1795
182,5855 256,2932
182,3549 256,3454
181,9853 256,3972
181,726 256,4268
181,4918 256,4601
181,3181 256,5002
181,1432 256,5598
180,9921 256,5831
180,8277 256,6195
180,7546 256,623
180,6825 256,6347
180,638 256,6732
180,5995 256,6887
180,5947 256,6889
180,5883 256,6981
180,5797 256,6882
180,6018 256,7171
180,578 256,7321
180,5573 256,7533
180,4822 256,7724
180,4433 256,7719
180,393 256,7726
180,2922 256,7858
180,2238 256,7765
180,1113 256,7838
180,0189 256,7758
179,8802 256,784
179,7832 256,7955
179,7298 256,8223
179,6242 256,8368
179,502 256,8793
179,3787 256,878
179,2927 256,9047
179,174 256,9268
179,1741 256,9299
179,0135 256,9464
179,02 256,9477
178,8287 256,9199
178,6903 256,9114
178,5116 256,8749
178,2281 256,8715
177,9833 256,9039
177,9304 256,9065
177,8378 256,9283
177,7132 256,9375
177,4517 256,9342
177,2138 256,9888
177,0272 256,9897
177,0231 256,9911
176,8401 257,032
176,6128 257,067
176,4485 257,0905
176,3204 257,0865
176,1668 257,0983
176,0492 257,14
175,9323 257,256
175,9331 257,2559
175,8479 257,289
175,7277 257,3332
175,6265 257,3428
175,459 257,3766
175,3008 257,4113
175,0731 257,4396
174,9249 257,4222
174,916 257,4248
174,6835 257,3817
174,5344 257,39
174,4178 257,3957
174,2983 257,3902
174,1062 257,3587
173,927 257,3872
173,8021 257,4013
173,8233 257,4059
173,7339 257,4064
173,5823 257,394
173,4507 257,3604

#16
640 156
640,1851 156,4677
640,1531 156,4444
640,1518 156,4164
640,1448 156,4125
640,1335 156,403
640,1223 156,4087
640,1176 156,3874
640,1283 156,3901
640,1296 156,3832
640,1293 156,384
640,1138 156,3886
640,1198 156,383
640,1252 156,3737
640,1215 156,3651
640,1151 156,3795
640,1355 156,3691
640,137 156,3666
640,1332 156,36
640,1422 156,361
640,1705 156,332
640,1852 156,334
640,1964 156,3364
640,1985 156,321
640,1978 156,3105
640,2124 156,3221
640,2083 156,3348
640,2078 156,3399
640,2076 156,3314
640,2289 156,3097
640,2274 156,3262
640,2166 156,303
640,2213 156,2868
640,2272 156,2709
640,2263 156,2502
640,2316 156,2336
640,2227 156,2123
640,218 156,2081
640,215 156,1857
640,2004 156,1852
640,2016 156,1772
640,1895 156,1614
640,1779 156,1524
640,1679 156,1359
640,1715 156,1374
640,171 156,1352
640,1734 156,1259
640,1778 156,1249
640,1827 156,0992
640,1919 156,1001
640,2231 156,1145
640,2165 156,0841
640,2048 156,0768
640,2002 156,0754
640,1932 156,0757
640,1871 156,0695
640,1859 156,0611
640,1897 156,0603
640,1963 156,053
640,2089 156,0502
640,193 156,0403
200 239
199,7747 238,7516
199,5946 238,5897
199,3967 238,4184
199,3898 238,4061
199,0907 238,2341
198,9076 238,2177
198,7567 238,2101
198,6558 238,141
198,5701 238,0694
198,5658 238,0692
198,3836 237,9531
198,1763 237,8442
198,0352 237,7713
197,8689 237,7384
197,6194 237,7039
197,3661 237,7205
196,9147 237,6316
196,9165 237,6359
196,629 237,5176
196,3927 237,3293
196,1719 237,2338
195,8177 237,0356
195,5339 236,9206
195,1515 236,8095
194,863 236,7528
194,8636 236,7498
194,3738 236,5882
194,1323 236,5055
193,95 236,4365
193,7645 236,3851
193,5564 236,3094
193,2822 236,234
193,1248 236,1933
192,9595 236,1883
192,8107 236,1697
192,6219 236,1615
192,3239 236,1921
192,2057 236,2111
192,0556 236,2438
191,7975 236,2794
191,5826 236,3268
191,4563 236,3188
191,2113 236,3329
191,0737 236,3424
190,9395 236,3469
190,8325 236,3632
190,6245 236,3874
190,4875 236,3957
190,4169 236,4345
190,3993 236,4427
190,2921 236,4673
190,0876 236,5177
189,9755 236,5244
189,9065 236,5247
189,8047 236,5303
189,6115 236,5828
189,5484 236,5829
189,3922 236,5986
189,1759 236,596
188,9996 236,5617
188,745 236,5426
188,5114 236,5415
188,0559 236,5322
187,8178 236,5174
187,6781 236,4929
187,5156 236,4617
187,1109 236,3331
186,7718 236,1815
186,6015 235,9964
186,4392 235,8515
186,4449 235,8451
186,3344 235,6793
186,3344 235,6792
186,0886 235,5444
185,7612 235,48
185,5356 235,4059
185,3853 235,2601
185,2052 235,1727
185,1445 235,1679
185,0529 235,1606
184,9598 235,172
184,932 235,1823
184,6599 235,1059
184,3481 235,0595
184,3495 235,059
184,046 235,0444
183,6353 235,0767
183,4201 235,0227
183,2348 234,9872
183,0186 234,9011
182,8757 234,8792
182,6033 234,9188
182,5922 234,9091
182,3941 234,926
182,2216 234,8615
182,0679 234,8821
181,776 234,9061
181,5238 234,9655
181,3497 234,9842
181,188 234,9846
181,1859 234,9751
180,9227 234,9454
180,7472 234,9272
180,6354 234,9358

#17
197 243
196,7621 242,9305
196,7628 242,9266
196,5679 242,8335
196,2564 242,847
196,017 242,7917
195,7207 242,7553
195,4262 242,7526
195,0256 242,8283
194,508 242,8664
194,5126 242,8654
194,1712 242,7624
193,7148 242,6883
193,4406 242,6413
192,9083 242,4792
192,5693 242,4801
192,1947 242,4624
191,857 242,4701
191,8599 242,456
191,2351 242,4141
190,8471 242,4008
190,5669 242,3754
190,3305 242,3456
190,0278 242,3444
189,5065 242,3649
189,2525 242,3858
188,9609 242,4095
188,7439 242,4292
188,5329 242,4762
188,2056 242,5253
188,0735 242,5303
187,8766 242,5513
187,5833 242,5703
187,3431 242,612
187,179 242,6099
186,878 242,6422
186,6851 242,6775
186,5192 242,7043
186,4082 242,7331
186,1842 242,7833
186,0819 242,8068
186,0302 242,8376
186,0213 242,8382
185,9792 242,857
185,9019 242,8737
185,8577 242,9002
185,8275 242,9141
185,7605 242,9341
185,6061 242,9746
185,5307 243,0048
185,4012 243,0001
185,2277 243,0426
185,1034 243,01
184,9033 243,0549
184,7383 243,0742
184,4095 243,169
184,2016 243,1749
184,0399 243,1773
183,8237 243,2042
183,5067 243,0742
183,2261 242,9046
183,0624 242,7796
182,8604 242,7066
182,8611 242,7071
182,7105 242,6212
182,6993 242,613
182,3649 242,4707
182,1292 242,4154
181,8769 242,3742
181,5807 242,349
181,3405 242,3592
181,2804 242,3664
181,1468 242,3851
180,9578 242,3843
180,7301 242,3745
180,4615 242,2785
180,2074 242,2479
180,2065 242,248
179,8544 242,2609
179,3597 242,3295
179,0131 242,3725
178,6966 242,3693
178,3852 242,358
178,1444 242,4061
177,7698 242,4573
177,7659 242,4387
177,5544 242,4743
177,2806 242,4769

#18
225 216
224,4997 215,5936
224,1586 215,1306
223,6661 214,7724
223,1825 214,5083
222,8447 214,2138
222,8383 214,2018
222,5894 213,821
222,1535 213,3908
221,9153 213,1648
221,7349 212,9538
221,6385 212,6325
221,5712 212,4967
221,4955 212,3056
221,4967 212,2549
221,3914 211,9575
221,3183 211,6781
221,2397 211,4753
221,1976 210,9996
221,1844 210,634
221,1169 210,2532
221,0869 210,0184
221,1212 210,0317
221,1019 209,5524
221,062 209,2711
221,0116 208,9727
221,0444 208,746
221,0155 208,5368
220,9903 208,1602
220,8833 207,8877
220,7788 207,6099
220,6624 207,4095
220,4553 207,1261
220,2332 206,7458
220,0777 206,5566
219,8714 206,3009
219,6618 205,942
219,5044 205,6191
219,3665 205,3989
219,2293 205,0581
219,097 204,8153
218,9545 204,6938
218,7606 204,527
218,5934 204,0971
218,4414 203,9025
218,2565 203,6837
218,2509 203,6751
218,0661 203,5214
217,8679 203,4283
217,6621 203,2753
217,4665 203,1761
217,2226 203,0339
216,9157 202,8489
216,6527 202,6891
216,3359 202,4383
216,1027 202,2769
215,8963 202,2036
215,6872 202,1216
215,5657 202,0171
215,2873 202,0574
215,0708 201,8405
215,0318 201,7128
214,955 201,6466
214,9238 201,4855
214,9088 201,3313
214,8862 201,1921
214,8107 201,0593
214,8099 201,0593
214,7691 200,5691
214,7584 200,5697
214,6632 200,1585

#19
245 241
244,9641 240,9089
244,9022 240,8554
244,864 240,7924
244,8127 240,6728
244,8227 240,5223
244,8032 240,3145
244,7976 240,3167
244,8419 240,1315
244,8732 239,9195
244,9037 239,7569
245,0216 239,512
245,0338 239,3752
245,0759 239,1759
245,0555 238,9777
245,0428 238,9762
245,1085 238,786
245,1314 238,6512
245,0833 238,5339
245,102 238,3949
245,0067 238,1493
244,9764 237,7694
244,9186 237,5001
244,8209 237,108
244,7388 236,7622
244,6829 236,3798
244,5312 235,996
244,4195 235,7583
244,3038 235,5065
244,2476 235,3564
244,208 235,2398
244,1801 235,1421
244,156 234,9957
244,1496 234,9147
244,0804 234,8668
244,0332 234,8118
244,057 234,7487
244,0653 234,7122
244,073 234,6373
244,073 234,6365
244,1033 234,5585
244,0591 234,4244
244,0684 234,2946
244,0605 234,1811
244,0811 233,9621
244,121 233,6951
244,119 233,5464
244,1399 233,3531
244,0521 233,0603
244,0296 232,9252
243,9958 232,814
243,9915 232,7973
243,8824 232,7682
243,758 232,6832
243,7319 232,6749
243,6057 232,5627
243,3847 232,5042
243,2137 232,3865
243,1131 232,2662
242,9766 232,1595
242,9785 232,1748
242,8446 232,047
242,8501 232,035
242,8228 232,0135
242,7431 231,9655
242,7293 231,884
242,6663 231,837
242,6488 231,785
242,6398 231,7584
242,6273 231,733
242,6245 231,7212
242,6276 231,7211
242,6286 231,6744
242,6374 231,5538
242,64 231,5484
242,6658 231,4265
242,663 231,2947
242,6735 231,1822
242,6814 231,0698
242,6965 230,9804
242,7221 230,8651
242,8172 230,7937
242,823 230,7951
242,8152 230,7444
242,8023 230,6878
242,7992 230,6245
242,8776 230,6005
242,8127 230,5535
242,7586 230,4617
242,7484 230,4048
242,7464 230,4057
242,6626 230,2683
242,5739 230,2216
242,5574 230,1413
242,5927 230,0554
242,6488 230,016
242,6597 229,9495
242,6873 229,9686
242,6902 229,9941
242,6557 229,9496

#20
244 235
243,9313 234,8945
243,925 234,889
243,9631 234,8228
243,9777 234,7422
243,9074 234,6215
243,8531 234,5279
243,7582 234,2885
243,7887 233,8995
243,796 233,626
243,7781 233,3528
243,7218 233,0719
243,7461 232,7684
243,7144 232,3894
243,6143 232,0945
243,4873 231,8109
243,4019 231,7233
243,3434 231,6759
243,2915 231,595
243,2625 231,5314
243,2451 231,5114
243,1735 231,4962
243,1172 231,4616
243,1322 231,3854
243,1453 231,3508
243,1599 231,2784
243,1612 231,2772
243,1677 231,2308
243,0963 231,1393
243,1019 231,0391
243,0845 230,9677
243,0831 230,8556
243,1345 230,706
243,1683 230,6019
243,2159 230,4754
243,2141 230,2255
243,2122 230,0447
243,2171 229,786
243,2338 229,6549
243,1882 229,563
243,1172 229,5124
243,0938 229,5223
243,0271 229,4603
242,9037 229,4408
242,7859 229,3684
242,7405 229,2719
242,6649 229,1756
242,6592 229,1904
242,5567 229,0833
242,5672 229,0723
242,4552 229,0628
242,3864 229,0502
242,3693 228,9763
242,3027 228,9599
242,2914 228,9247
242,2975 228,9097
242,2777 228,906
242,2578 228,8914
242,2532 228,8941
242,2619 228,877
242,2794 228,7932
242,282 228,782
242,306 228,6854
242,2978 228,5994
242,2923 228,5207
242,3004 228,4523
242,3205 228,3995
242,3414 228,2928
242,4241 228,2171
242,433 228,224
242,4138 228,1717
242,4226 228,0878
242,4313 227,9731
242,4798 227,8918
242,4258 227,8352
242,3768 227,7244
242,3666 227,6448
242,3709 227,64
242,2936 227,4957
242,1941 227,4292
242,1593 227,3526
242,1773 227,2787
242,2224 227,2497
242,2104 227,2194
242,2469 227,2359
242,2424 227,2587
242,2225 227,2159
242,2634 227,1229
242,2525 227,1146
242,2115 227,0992
242,1907 226,9805
242,1967 226,9787
242,2148 226,939
242,1939 226,7391
242,1541 226,5408
242,1721 226,4861
242,1751 226,3975
242,1788 226,3353
242,2035 226,258
242,2203 226,202
242,2122 226,1475
242,218 226,1666
242,2436 226,1195
242,2004 226,08
242,1875 226,0311
242,1445 225,9719
242,1207 225,8808
242,1265 225,8763
242,136 225,8039
242,0628 225,7211
241,9349 225,6261
241,8834 225,5622
241,7951 225,386
241,697 225,2211
241,6701 225,1239

#21
254 280
253,5884 278,7998
252,4494 275,3992
252,0933 274,1887
252,0936 274,1888
252,094 274,1899
252,0921 274,1886
249,5707 268,5643
248,523 266,7012
248,2436 266,2361
247,7392 265,4538
247,2502 264,5658
246,6246 263,6863
246,1535 263,1004
246,1385 263,0918
244,9387 261,3997
244,3262 260,6475
243,3409 259,9639
242,8839 259,2507
242,5254 258,7047
242,5254 258,7047
242,2476 258,1835
241,4717 256,9172
241,2008 256,4984
240,9953 256,0651
240,7505 255,5702
240,3553 254,777
239,8956 253,8692
239,8969 253,87
239,6096 253,3349
239,3143 252,7008
239,0695 252,3065
238,3568 251,0687
237,9204 250,354
237,3745 249,3761
237,0788 248,8071
237,0744 248,7972
236,3418 247,4403
235,9305 246,8512
235,4992 246,3011
235,2968 245,7982
234,847 245,2507
234,2323 244,1857
233,9503 243,7225
233,6642 243,2574
233,422 242,8294
233,2076 242,2916
232,8645 241,6345
232,7075 241,4261
232,492 240,9872
232,3803 240,5678
232,2964 240,2405
232,1588 240,0178
232,055 239,7974
232,0804 239,5971
232,0285 239,4351
231,9025 239,1936
232,0394 238,7469
232,077 238,5472
232,09 238,3274
232,0864 238,324
232,1259 238,1063
232,1647 237,7082
232,1796 237,3911
232,1844 236,9935
232,2805 236,6085
232,3925 236,1067
232,378 235,7747
232,3101 235,4759
232,1271 234,9185
232,0676 234,5674
232,0707 234,2327
232,0836 234,0374
232,1115 233,7658
231,9011 233,4869
231,7952 233,3553
231,7107 233,0915
231,4311 232,7238
231,2261 232,4724
231,0514 232,3064
230,896 232,1299
230,9065 232,1427
230,7531 231,8322
230,7569 231,8304
230,6952 231,7412
230,5616 231,6794
230,5096 231,6003
230,4542 231,4722
230,4081 231,3811
230,3962 231,3306
230,3582 231,3043
230,3291 231,2822
230,2755 231,3043
230,2573 231,254
230,2537 231,128
230,2539 231,1064
230,2377 230,9404
230,2213 230,7597
230,2151 230,5979
230,216 230,4272
230,2231 230,3136
230,204 230,1428

#22
249 279
248,2978 277,9698
248,2976 277,9702
248,2976 277,97
248,2974 277,9696
245,3401 273,3357
244,3038 271,8866
243,8873 271,2942
243,2924 270,5229
242,5723 269,8783
241,9344 269,1665
241,2106 268,6084
241,2051 268,5992
239,5266 267,0421
238,5778 266,2924
237,4888 265,5502
237,0142 264,8708
236,6052 264,418
236,6056 264,418
236,2816 264,0238
235,6904 263,1519
235,4921 262,8159
235,2443 262,4513
235,0793 261,9753
234,8727 261,3433
234,7831 260,4331
234,7824 260,4333
234,7044 259,8587
234,5678 259,3567
234,4557 258,9994
234,1026 257,9895
233,8132 257,3886
233,4004 256,5466
233,1082 256,099
233,1302 256,068
232,196 254,7944
231,6394 254,265
231,2372 253,6492
230,9703 253,1461
230,6647 252,5166
230,1748 251,3006
229,9948 250,8293
229,8216 250,4377
229,6705 250,0531
229,5206 249,5514
229,3609 248,7766
229,2781 248,5984
229,157 248,1354
228,9276 247,711
228,6867 247,4047
228,4471 247,1648
227,9459 246,6306
227,744 246,257
227,5164 245,7408
227,2727 245,3258
226,539 244,0582
226,2922 243,5813
226,0473 243,1437
226,0461 243,1445
225,8075 242,6337
225,0641 241,1176
224,6412 240,6944
224,2424 240,2701
223,7866 239,7645
223,4635 239,3243
223,144 238,8938
222,8052 238,5473
222,4037 237,9199
222,1857 237,5419
221,9433 237,192
221,8252 236,9117
221,5238 236,6665
221,3034 236,3963
221,1766 236,2593
220,9747 235,9563
220,6486 235,4178
220,4546 235,1185
220,3412 234,9677
220,2287 234,7503
220,2257 234,7579
220,2012 234,5805
220,199 234,5661
220,0811 234,4632
219,907 234,3187
219,8638 234,1923
219,8558 234,0482
219,7393 233,9062
219,6954 233,8649
219,6131 233,7889
219,581 233,7288
219,5337 233,6616
219,4451 233,5101
219,4191 233,3491
219,4129 233,3542
219,3279 233,1564
219,2616 232,9172
219,1774 232,7771
219,1195 232,6423
219,0672 232,5401
218,997 232,4799
218,9257 232,3411
218,9266 232,3336
218,8825 232,2299
218,8346 232,0723
218,753 231,9338
218,6693 231,6277
218,5841 231,3544
218,4528 230,9711
218,3785 230,7519
218,3909 230,7516

#23
252 278
251,2471 276,3866
250,95 275,8184
250,4926 275,0083
250,0259 274,1918
249,6184 273,2499
249,0944 272,5887
249,0936 272,5866
248,0275 270,7327
247,455 269,8735
246,2234 268,9771
245,6357 267,9908
245,3007 267,4464
245,3008 267,4465
245,0395 266,8701
244,1431 264,8806
243,8605 264,3474
243,6362 263,7798
243,3894 263,2205
243,0139 262,2701
242,6206 261,329
242,6203 261,329
242,2868 260,7876
242,0728 260,2739
241,7909 259,858
241,1767 258,653
240,7206 257,9231
239,9152 257,0479
239,5059 256,5355
239,5086 256,5297
238,5075 255,3421
238,1702 254,7782
237,8225 254,2923
237,5523 253,8298
237,0993 253,2655
236,1876 252,2617
235,8244 251,7731
235,4046 251,286
235,05 250,8219
234,6983 250,2462
234,352 249,4638
234,1006 249,1856
233,7642 248,6056
233,3699 248,1737
233,0013 247,7492
232,7043 247,4648
232,1696 246,6817
232,0234 246,2511
231,7939 245,7414
231,6367 245,3748
231,3011 244,2041
231,1813 243,7256
231,0844 243,3209
231,0847 243,3209
230,9998 242,8372
230,9376 241,7048
230,7798 241,2104
230,659 240,6568
230,539 240,0427
230,3844 239,4629
230,2242 239,1055
230,0352 238,773
229,7114 238,1525
229,5653 237,6445
229,4435 237,2751
229,3519 237,018
229,1152 236,7671
228,8396 236,5002
228,7139 236,3842
228,5644 236,0453
228,2638 235,5448
228,0144 235,276
227,7867 235,1255
227,6305 234,8611
227,6381 234,8824
227,4281 234,5756
227,4276 234,5682
227,336 234,3812
227,1747 234,2923
227,093 234,2238
226,8921 234,1237
226,7529 233,9504
226,7322 233,8798
226,7373 233,8036
226,7075 233,7234
226,5802 233,611
226,4915 233,421
226,4469 233,1857
226,4282 233,1714
226,3445 232,9007
226,2469 232,6686
226,1566 232,495
226,1001 232,3136
226,0413 232,2074
225,9549 232,0542
225,8668 231,8821
225,8676 231,8802
225,7954 231,7419
225,6642 231,5276
225,5513 231,3322
225,4468 230,8932
225,2603 230,5752
225,0725 230,1723
224,9035 229,9337
224,8991 229,9349
224,6481 229,5604
224,513 229,4088
224,3469 229,2447
224,2137 229,1055
224,0574 228,9445
223,7614 228,9395
223,6152 228,7726
223,6044 228,7691
223,4693 228,5334
223,1874 228,0908
222,7345 227,5132
222,5334 227,28
222,2342 226,7825
222,2348 226,7827
222,175 226,6702
221,1661 225,5334
220,5089 225,062
220,3528 224,9023
220,0699 224,6188
219,7991 224,4509
219,4406 224,3088
219,2422 224,341
219,0139 224,2991
219,0145 224,3092
218,8831 224,2638
218,7336 224,2156
218,6305 224,1096
218,5502 224,0318
218,3821 223,8173
218,3069 223,7188
218,0174 223,6163
217,9377 223,5011
217,7693 223,4134
217,6506 223,3701
217,5818 223,3587
217,5062 223,3775
217,4258 223,3577
217,3903 223,3238
217,3547 223,3089

#24
249 279
248,9993 279
248,7257 278,3351
247,6108 276,392
247,2773 275,6343
246,7956 274,8034
246,3777 274,0131
245,3863 272,5649
244,7334 271,2113
244,7335 271,2113
244,2119 270,7076
243,6245 270,0204
243,2117 269,6773
242,3009 268,7547
241,8874 268,1673
241,2939 267,447
240,8464 267,0135
240,8443 267,0159
239,9789 265,8807
239,5687 265,4633
239,2716 265,0415
238,8613 264,5958
238,399 264,0493
237,2304 263,1776
236,6818 262,5576
235,9508 262,0226
235,2323 261,5782
234,3512 260,8349
233,106 260,0591
232,6715 259,6551
232,0132 258,9658
231,3116 258,4432
230,8232 257,9917
230,4408 257,6007
229,739 256,6964
229,4034 256,1739
229,082 255,6544
228,6369 255,1315
227,2177 253,2386
226,7915 252,5812
226,449 251,9288
226,4466 251,9294
226,0299 251,2226
224,7181 249,8195
224,2855 249,2999
223,7821 248,7118
223,2049 248,0411
222,6112 247,3755
222,2359 246,792
221,7467 246,3425
221,2817 245,5675
220,8087 245,0483
220,4858 244,5706
220,1518 244,0683
219,485 243,3794
218,9878 242,9016
218,7438 242,6698
218,3275 242,2583
217,4964 241,4622
217,2004 241,1137
217,0012 240,928
216,7899 240,6816
216,7823 240,6808
216,6533 240,5798
216,6532 240,574
216,5234 240,5745
216,3092 240,412
216,1778 240,316
216,1682 240,3369
215,9979 240,2164
215,9567 240,2034
215,792 240,0895
215,7657 239,9978
215,6998 239,8924
215,5425 239,6578
215,4589 239,4468
215,4569 239,4535
215,3674 239,2596
215,31 238,9436
215,2067 238,8002
215,0981 238,6165
214,9892 238,457
214,8461 238,3032
214,7122 238,0353
214,7054 238,0376
214,6286 237,9223
214,5462 237,7768
214,4765 237,6493
214,3687 237,398
214,235 237,1655
214,0575 236,7614
213,9379 236,5611
213,9337 236,5586
213,813 236,2365
213,7004 236,0569
213,6044 235,9321
213,498 235,7674
213,445 235,5587
213,3195 235,2629
213,1149 235,0638
213,1198 235,0267
213,0044 234,7577
212,7867 234,2915
212,5732 233,5359
212,4034 233,1636
212,202 232,5019
212,2001 232,4995
212,1316 232,3531
209,6578 230,8549
209,1983 230,2328
209,101 230,0635
208,9247 229,7295
208,7016 229,5067
208,1787 228,7647
207,9421 228,5346
207,7697 228,425
207,7686 228,4279
207,7006 228,2915
207,5366 228,2846
207,4094 228,1345
207,3141 227,9717
207,1644 227,6734
207,1407 227,5734
206,9739 227,3505
206,9102 227,29
206,7618 227,1141
206,6423 226,9218
206,5389 226,8108
206,4196 226,7224
206,3518 226,6324
206,2915 226,5392

#25
246 268
245,3713 267,2495
244,9828 266,6259
244,3939 266,0049
243,9635 265,5566
243,9627 265,5677
243,0977 264,3035
242,6806 263,8217
242,4416 263,3984
242,1029 262,9191
241,721 262,3185
240,6696 261,4222
240,3341 260,8719
239,8449 260,3871
239,3865 259,8627
238,9269 259,0448
238,198 257,9515
237,6954 257,502
236,9023 256,6846
236,1252 256,023
235,4917 255,5635
235,1246 255,1022
234,3626 254,1801
233,9163 253,4976
233,3002 252,6811
232,7421 252,0338
231,2069 249,8161
230,7312 249,2245
230,4427 248,6628
230,4468 248,6628
229,9103 248,0118
228,6335 246,7096
228,1824 246,1433
227,8137 245,5099
227,4148 244,7293
226,7616 243,7915
226,2932 243,0937
225,7976 242,571
225,2945 241,7303
224,9097 241,2106
224,5382 240,6663
224,1767 240,2703
223,5428 239,701
223,0792 239,2963
222,8323 239,1072
222,4899 238,6957
221,7786 238,0587
221,5595 237,7282
221,4196 237,5854
221,2714 237,3605
221,2684 237,3683
221,2424 237,1824
221,2402 237,1704
221,0956 237,0977
220,9031 236,9622
220,8009 236,8671
220,7192 236,7496
220,5906 236,6269
220,5547 236,6051
220,4513 236,5447
220,4049 236,4841
220,3725 236,3911
220,2383 236,1784
220,1485 235,9541
220,1431 235,9513
220,0149 235,7332
219,9235 235,4603
219,8237 235,3233
219,747 235,152
219,6897 235,0021
219,6218 234,9129
219,5227 234,724
219,5286 234,7229
219,4588 234,5884
219,3477 234,4056
219,2524 234,2222
219,0816 233,9135
218,9797 233,7139
218,8233 233,3636
218,7253 233,131
218,737 233,1293
218,6703 232,7396
218,5819 232,5509
218,5045 232,3786
218,4072 232,2194
218,3713 232,0165
218,2686 231,9422
218,1207 231,7998
218,1037 231,7604
218,0175 231,5568
217,8161 231,2437
217,6111 230,5015
217,4313 230,1288
217,1648 229,4881
217,1557 229,5017
217,0953 229,3453
216,2557 227,886
215,6377 227,2977
215,5109 227,1292
215,2654 226,7666
215,0724 226,5868
214,6671 226,2716
214,4363 226,2965
214,2559 226,2478
214,2581 226,2578
214,1646 226,2159
213,9851 226,2415
213,8497 226,1134
213,7657 225,9973
213,6266 225,7455
213,5873 225,6366
213,3289 225,4829
213,2231 225,3652
213,0178 225,2498
212,8777 225,1798
212,7906 225,148
212,7247 225,1775
212,6627 225,14
212,6149 225,0878
212,6018 225,0795
212,6154 225,1232
212,5489 225,1476
212,4864 225,1067
212,4623 225,0856
212,462 225,0899
212,433 225,0023
212,3666 224,877
212,3562 224,8361
212,3357 224,7746
212,2937 224,715
212,2628 224,6888
212,1631 224,5652
212,1142 224,4658
212,0214 224,3489
211,9552 224,2296

#26
243 278
241,9102 277,0298
241,2866 276,3793
240,7173 275,8163
240,033 275,2151
239,4673 274,6693
238,6468 274,0388
238,213 273,6758
236,9533 272,5284
236,3218 271,9625
235,9993 271,7042
234,5524 270,5398
233,9774 269,9058
233,9774 269,9057
233,9774 269,9055
233,976 269,905
231,5957 268,1803
230,6431 267,367
230,2291 266,9411
229,6573 266,507
229,0934 265,9114
228,5084 265,6614
228,007 265,2349
228,0075 265,238
226,4746 264,3754
225,6934 263,8328
224,7407 263,2728
224,2673 262,7771
223,9031 262,4568
223,903 262,4572
223,5895 262,2548
223,1005 261,7781
222,7976 261,711
222,5835 261,5531
222,4325 261,5132
222,2496 261,4626
221,9445 261,3189
221,9445 261,3185
221,8155 261,2281
221,6752 261,2143
221,5818 261,1453
221,4005 260,66
221,3315 260,3177
221,255 259,6679
221,1885 259,4452
221,1981 259,4206
221,0256 258,7976
220,8807 258,474
220,7698 258,1603
220,6341 257,738
220,4442 257,2664
220,1332 256,2887
219,9538 255,9722
219,7626 255,6289
219,5743 255,3081
219,3723 254,8825
219,1118 254,5005
218,9976 254,2892
218,7805 254,0203
218,4777 253,7241
218,2878 253,5149
218,1272 253,3922
217,7937 253,1676
217,5951 252,8491
217,34 252,5184
217,0856 252,2432
216,0689 250,9949
215,564 250,5677
215,1195 250,181
215,1142 250,1826
214,618 249,6857
213,2948 248,4437
212,8164 248,0522
212,4022 247,6522
211,9766 247,3276
211,6239 247,0423
211,4169 246,7269
211,2055 246,4356
210,8875 245,8133
210,6048 245,4481
210,2912 245,0789
209,9999 244,6811
209,4822 244,1104
209,1473 243,6839
208,9634 243,5098
208,6167 243,165
208,1086 242,5199
207,8044 242,2822
207,633 242,1118
207,4145 241,7793
207,4082 241,7849
207,0775 241,5532
207,1029 241,5597
206,9381 241,5557
206,8111 241,4633
206,6433 241,3313
206,6176 241,2985
206,449 241,1992
206,4111 241,2142
206,2766 241,1911
206,2488 241,1617
206,1768 241,1021
205,9419 240,9169
205,8098 240,7855
205,8169 240,7853
205,7578 240,7078
205,7625 240,619
205,6703 240,5405
205,5682 240,3978
205,4618 240,2229
205,2995 239,9957
205,06 239,7151
205,0599 239,7079
204,8589 239,5511
204,6992 239,3689
204,5352 239,1711
204,1639 238,6101
203,9431 238,3583
203,6233 238,0168
203,4122 237,7759
203,4164 237,7672
203,0508 237,4393
202,8767 237,2856
202,7154 237,1374
202,5697 236,9504
202,4509 236,7982
202,228 236,3654
202,0165 236,1823
202,0299 236,1688
201,8597 235,8997
201,6193 235,4268
201,5035 234,7876
201,3438 234,4791
201,2062 233,9597
201,2124 233,9583
201,0933 233,8124
200,8871 233,2625
200,3903 232,6361
200,2496 232,4979
199,9894 232,2952
199,7113 232,0667
199,0828 231,444
198,7966 231,0723
198,6191 230,8188
198,6097 230,8263
198,4928 230,5879
198,1591 229,9704
198,0077 229,726
197,8638 229,5361
197,6297 229,3091
197,5602 229,1521
197,3303 228,8363
197,1809 228,7207

#27
245 275
244,6513 274,4015
244,275 273,5676
243,7648 272,5445
242,769 270,9045
242,4482 270,0239
241,913 269,1761
241,5292 268,522
240,9162 267,3329
239,7229 265,4478
239,2706 264,7056
238,604 263,6492
237,8466 262,5931
237,3049 261,9808
236,7711 261,5227
236,1293 260,863
235,5155 260,2101
234,9266 259,6737
234,382 259,108
232,4521 257,0611
231,7231 256,3706
231,2836 255,6712
231,2818 255,6694
230,5647 254,8846
229,3047 253,4144
228,7011 252,7073
228,2371 252,0396
227,6331 251,0972
226,85 250,1551
226,283 249,4384
225,7814 248,875
225,1245 248,1475
224,5707 247,5506
224,1001 246,9789
223,5689 246,4673
222,4814 245,4666
221,8359 244,9299
221,5846 244,6977
221,0719 244,2389
220,1891 243,3939
219,7812 243,0343
219,5307 242,8653
219,305 242,6192
219,3031 242,6261
219,177 242,5051
219,1727 242,4931
218,8977 242,4839
218,5491 242,2563
218,3192 242,0537
218,285 242,0081
218,0723 241,8353
218,0185 241,8031
217,7808 241,6769
217,7001 241,5414
217,5371 241,3483
217,321 241,0124
217,19 240,7537
217,1928 240,7574
217,0384 240,509
216,9262 240,1509
216,7995 239,959
216,6897 239,7143
216,5753 239,5036
216,4604 239,2993
216,3229 238,9671
216,3146 238,9696
216,2351 238,8343
216,1346 238,6925
216,0238 238,5664
215,8842 238,2778
215,7463 237,9825
215,5557 237,5673
215,4382 237,3221
215,4473 237,3191
215,3008 236,9337
215,1995 236,7611
215,095 236,644
214,9476 236,4934
214,8703 236,3147
214,7069 235,8605
214,5137 235,6354
214,5037 235,6066
214,3808 235,3002
214,1472 234,734
213,8967 234,0663
213,7056 233,6828
213,4672 233,0448
213,4641 233,0433
213,3668 232,8468
210,7838 231,1775
210,3354 230,4794
210,2531 230,3092
210,0757 229,9873
209,8397 229,7325
209,2939 229,1281
209,0859 228,8933
208,9414 228,7597
208,9405 228,7678
208,8578 228,6838
208,6782 228,6811
208,5517 228,5314
208,4471 228,3933
208,3303 228,0612
208,3143 227,9176
208,1654 227,6946
208,1006 227,5974
207,953 227,4442
207,8288 227,2966
207,7422 227,2086
207,6557 227,1179
207,6019 227,0289
207,5742 226,9282
207,565 226,9038
207,5648 226,9287

#28
216 252
215,5525 251,9241
215,0361 251,8651
214,6835 251,752
214,6826 251,7517
214,6811 251,749
214,6816 251,7488
214,4105 251,5323
214,1178 251,2513
213,8049 251,1991
213,5096 251,0333
213,148 250,7788
212,8461 250,7229
212,5608 250,5278
212,5579 250,5196
211,8528 250,231
211,4853 249,9252
211,0931 249,6381
210,7628 249,3243
210,5634 249,103
210,5627 249,1034
210,3571 248,8825
209,9423 248,3719
209,7475 248,2021
209,5672 248,0493
209,3989 247,9311
209,1673 247,7229
208,7398 247,3332
208,7401 247,3331
208,581 247,1591
208,4181 246,9685
208,2809 246,7667
207,9911 246,4233
207,8611 246,2761
207,7206 245,9961
207,5835 245,8755
207,59 245,8713
207,3812 245,7748
207,2533 245,7107
207,142 245,6364
206,9977 245,5286
206,8351 245,4073
206,6273 245,2412
206,5405 245,1545
206,4215 245,0701
206,3371 244,9789
206,2293 244,8821
206,0385 244,7752
205,9627 244,7433
205,8272 244,6866
205,6644 244,6151
205,5115 244,4991
205,3791 244,4286
205,165 244,324
205,048 244,2433
204,9053 244,1202
204,7846 244,0107
204,3791 243,6723
204,1584 243,4773
203,9519 243,3289
203,9228 243,3315
203,7108 243,1558
203,1445 242,7433
202,8205 242,5612
202,538 242,3846
202,2224 242,1291
201,7012 241,9276
201,4768 241,7355
201,2209 241,5414
200,8852 241,1696
200,6044 240,8257
200,2551 240,5007
199,9561 240,2372
199,4469 239,5808
199,1691 239,2769
199,0726 239,1179
198,8452 238,7699
198,5331 238,3239
198,3532 238,0051
198,218 237,7203
198,051 237,4189
198,0487 237,4241
197,7775 237,14
197,792 237,135
197,645 236,9419
197,52 236,7138
197,3941 236,5143
197,2326 236,2742
197,0755 235,9591
197,0164 235,8997
196,8835 235,8331
196,7662 235,7741
196,7645 235,7953
196,498 235,6421
196,2389 235,5181
196,2344 235,5317
196,0191 235,4417
195,9017 235,4566
195,7125 235,4073
195,5904 235,3499
195,4915 235,2948
195,3507 235,1444
195,1394 234,9892
195,143 234,9916
194,985 234,9306
194,8357 234,8532
194,7012 234,8131
194,3959 234,6834
194,1883 234,6012
193,8317 234,5877
193,6026 234,5463
193,6005 234,5255
193,1445 234,4425
192,8369 234,4339

#29
250 288
249,3327 287,2049
248,7242 286,6198
248,1478 285,9594
247,6923 285,4146
247,0614 284,6821
246,6843 284,2943
245,9336 282,9815
245,2717 282,3782
245,2702 281,9551
243,8814 280,528
243,1641 279,9612
243,1629 279,9615
243,1616 279,9616
243,1615 279,9617
240,745 277,5284
239,909 276,2471
239,4826 275,5634
238,8307 274,9867
238,0599 274,2319
237,4459 273,586
236,7401 272,9936
236,7389 272,9901
234,8251 271,7583
233,7425 271,0344
232,6656 270,4155
232,0822 270,0677
231,6152 269,8355
231,6152 269,8355
231,2787 269,648
230,8023 269,2801
230,4734 269,2668
230,0888 269,209
229,9393 269,1561
229,7477 269,0941
229,5226 268,6425
229,5222 268,642
229,4179 268,2727
229,3477 267,6643
229,2699 267,4077
229,1834 266,5541
229,1417 266,0766
229,0376 265,4917
228,8849 265,2778
228,9217 265,2187
228,7445 264,2548
228,5374 263,8261
228,4025 263,513
228,2562 262,974
227,9978 262,5061
227,5771 261,5132
227,3573 261,25
227,1288 260,8652
226,8512 260,547
226,4498 260,3505
225,9495 260,1809
225,6901 259,9693
225,3025 259,6283
224,7241 259,198
224,4448 258,8123
224,1681 258,5344
223,6188 257,96
223,2694 257,3627
222,8612 256,7003
222,542 256,2093
220,7609 254,3218
220,2451 253,6949
219,7861 253,1322
219,7844 253,1327
219,2866 252,4363
218,0022 250,95
217,5639 250,3947
217,0871 249,9267
216,5607 249,5566
216,1952 249,1352
215,7417 248,6773
215,3861 248,2803
214,8497 247,5682
214,4794 247,1549
214,1418 246,7833
213,7902 246,4514
213,3254 245,8434
212,8058 245,43
212,5862 245,2465
212,1389 244,8173
211,312 244,1539
210,9869 243,7613
210,8217 243,5852
210,6265 243,3464
210,6194 243,3505
210,4046 243,2014
210,44 243,223
210,3219 243,3408
210,1786 243,2385
209,9774 243,0718
209,9802 243,1565
209,7745 243,1
209,7296 243,1234
209,5669 243,034
209,5419 242,9323
209,4722 242,8692
209,2691 242,6652
209,1571 242,5283
209,1667 242,5301
209,0997 242,4061
209,0798 242,2269233 
232,4704 285,3321
231,8509 284,6682
231,8509 284,6682
230,0264 282,5274
230,0265 282,526
228,7602 280,8457
227,6864 279,912
226,9548 279,2606
225,0902 277,2928
224,1191 276,2127
223,8281 275,9005
223,0473 275,1796
222,3684 274,3574
220,6912 272,5395
219,5924 271,495
219,0528 270,9002
219,0523 270,9005
218,5173 270,3643
217,1847 269,1527
216,5267 268,6662
215,8745 268,1866
215,2023 267,5327
213,9308 266,4197
212,5653 265,2425
212,5636 265,2421
211,8106 264,5393
210,7763 263,3798
210,2089 262,8159
208,8501 261,4778
208,2413 260,8508
207,7167 260,2793
207,3065 260,1095
207,3057 260,1082
206,9479 259,6216
206,6542 259,4725
206,4691 259,3069
206,2073 259,1808
205,9819 258,9689
205,8295 258,8339
205,5815 258,8752
205,5869 258,8784
205,3369 258,8473
205,2088 258,7726
204,8914 258,5982
204,6699 258,4911
204,3651 258,347
204,3611 258,353
204,1331 258,2915
203,6833 257,8639
203,3026 257,5862
203,1478 257,5437
202,81 257,4829
202,5791 257,3828
202,1875 257,148
201,9992 257,092
201,8593 257,0688
201,8653 257,0773
201,6808 257,0221
201,3848 256,9103
201,2275 256,7654
201,0794 256,6644
200,8434 256,6528
200,7528 256,6284
200,5078 256,6879
200,3745 256,7021
200,1793 256,7256
200,0498 256,7421
199,904 256,7453
199,7728 256,8258
199,7016 256,831
199,6005 256,8332
199,4694 256,7952
199,3919 256,7725
199,1427 256,8347
198,9384 256,8746
198,7981 256,9064
198,8008 256,9061
198,6253 256,9571
198,1273 256,9415
197,8722 256,9327
197,6111 256,8792
197,2722 256,8426
197,1685 256,8217
196,5315 256,7198
196,1799 256,6567
195,7841 256,5559
195,5303 256,4932
200,3859 254,3386
200,1517 254,3743
199,8318 254,4028
199,6398 254,436
199,1765 254,4358
199,175 254,4376
199,0049 254,4144
198,8153 254,538
198,5106 254,5922
198,4012 254,599
198,0328 254,6278
197,7294 254,6433
197,3546 254,6389
196,8981 254,6449
196,9001 254,642
195,5113 254,5554
195,1316 254,5493
194,6475 254,5438
194,3028 254,5435
193,8563 254,5831
192,9076 254,6107
192,5974 254,6378
192,5951 254,6481
191,9306 254,7764
191,4028 254,8568
191,0409 254,9537
190,5845 255,1138
190,2643 255,1835
189,8401 255,252
189,8232 255,2399
188,5158 255,4104
188,0536 255,431
187,7295 255,4456
187,4447 255,461
187,4444 255,4617
185,6041 255,9499
185,3248 255,9908
184,8692 256,0967

#31
253 282
251,5484 278,3204
251,1723 277,0653
251,1779 277,1308
250,759 276,0268
250,2244 274,1542
249,3445 271,7216
248,7829 270,6717
248,3519 269,3212
248,3656 269,3362
247,9539 268,7112
246,659 265,6416
245,8477 263,9501
245,6312 263,6682
245,3449 262,8596
245,1789 262,3024
244,3039 260,5179
243,5832 259,8756
243,3025 259,5303
243,2581 259,5245
242,9709 258,981
241,5504 257,7967
240,9084 257,2172
240,6149 256,6562
240,1673 255,859
239,8634 255,5506
238,7599 254,4536
238,1078 253,9029
237,1417 253,2131
236,5225 252,6555
235,8525 251,8768
234,5825 250,3577
234,1295 249,7574
233,6071 249,0834
232,7555 248,3265
232,1815 247,5928
230,3213 245,5468
229,7695 244,8784
229,3771 244,4512
229,373 244,4531
228,9232 243,9347
227,9485 242,8981
227,6348 242,5344
227,3479 242,1904
226,9198 241,7476
226,7496 241,6212
226,2159 240,9533
225,7783 240,5969
225,3418 240,0831
225,0068 239,6765
241,4945 240,3616
241,3665 240,203
241,2371 240,073
241,1945 239,9894
240,9928 239,8626
240,9927 239,8623
240,9622 239,8382
240,8239 239,669
240,8022 239,4878
240,8366 239,4113
240,9394 239,1347
240,8998 239,0083
240,8952 238,8593
240,927 238,6895
240,9289 238,6866
240,8288 238,2223
240,8456 237,8694
240,8622 237,6581
240,8337 237,4133
240,6826 237,0692
240,4081 236,4039
240,197 236,2355
240,2004 236,2337
239,7307 235,6454
239,3311 235,0297
239,0173 234,7541
238,497 234,1732
238,3222 233,9274
238,0899 233,6134
238,081 233,5959
237,7084 233,6047
237,5618 233,5641
237,42 233,4252
237,2759 233,3298
237,276 233,3304
237,1443 233,3987
236,9563 233,3169
236,7807 233,0889
236,786 232,9641
236,7233 232,8035
236,687 232,6366
236,5803 232,5115
236,5254 232,3958
236,4409 232,3053
236,4455 232,3076
236,2579 232,3688
236,2526 232,2456
236,2182 232,1687
236,1577 232,1198
236,0988 231,9868
236,0396 231,91
236,0433 231,9207
235,9771 231,835
235,8824 231,6211
235,705 231,3426
235,5978 231,0435
235,5299 230,7894
235,3826 230,4766
235,2728 230,1999
235,1539 229,9146
234,8945 229,9829
234,7706 229,8098
234,6619 229,716
234,6702 229,7215
234,5927 229,5325
234,5025 229,213
234,4196 228,9597
234,3593 228,6404
234,2911 228,329
234,1383 227,9593
234,0461 227,6199
234,053 227,6117
233,9133 227,3994
233,7296 227,1421
233,6469 226,9495
233,4644 226,5984
233,3449 226,4433
233,276 226,3362
233,2201 226,3178
233,1037 226,302
233,0658 226,2253
232,99 226,1768
232,8954 226,095
232,8374 226,01
232,8258 225,9301
232,7811 225,9353
232,7745 225,8643
232,7701 225,8657
232,7527 225,8597
232,7486 225,8611
232,7292 225,9143
232,7601 225,7782
232,7332 225,7201
232,6761 225,6643
232,6383 225,5978
232,6008 225,487
232,571 225,3824
232,5749 225,3775
232,4659 225,2861
232,4727 225,2356
232,4571 225,2386
232,4258 225,2105
232,3915 225,1427
232,3909 225,1423
232,3661 225,0354
232,3823 224,9328
232,3805 224,8409
232,3536 224,7759
232,3459 224,6626
232,3869 224,4952
232,4723 224,2465
232,4726 224,2607
232,4786 224,025
232,4985 223,6915
232,5406 223,4363
232,6417 223,0152
232,678 222,7946
232,6166 222,6184
232,5716 222,4664
232,5752 222,459
232,5687 222,3412
232,5697 222,226
232,5106 222,1157
232,4109 222,0289
232,2861 221,8579
232,1746 221,5796
232,1022 221,442
232,1131 221,3139
232,0058 221,0757
231,9885 220,7475
231,9594 220,2561
231,896 219,9111
231,8058 219,5295
231,7524 218,9516
231,6583 218,5657
231,5334 218,2194
231,4227 217,7887
231,3179 217,5666
231,0791 217,386
230,803 217,2727
230,4353 217,291
230,3155 217,2892
230,2557 217,3577
230,2586 217,3537
230,1043 217,3811
229,7423 217,4034
229,602 217,357
229,4674 217,3387
229,326 217,2321
229,2343 217,1008
229,1473 216,9924
229,0475 216,8879
228,8663 216,7189
228,686 216,5264
228,6059 216,2777
228,5672 215,9303
228,4782 215,2445
228,3336 214,7172
228,3031 214,5618

#32
250 288
249,5172 287,1173
248,4455 284,7335
248,013 283,9657
247,5446 283,1306
247,5251 283,1264
246,9643 282,289
245,5499 280,1571
244,835 279,3496
244,1534 278,4843
243,4029 277,5079
242,3825 276,1358
241,6871 275,2181
241,1107 274,4584
240,5321 273,388
240,0597 272,5328
239,6448 271,5355
239,165 270,5215
237,5858 267,959
236,9763 267,0502
236,6778 266,6603
236,2299 265,8645
234,749 263,905
234,1468 263,2663
233,4802 262,6851
233,0137 262,1982
233,0126 262,1959
231,9966 261,1696
231,9965 261,1702
231,7569 260,9981
231,3466 260,6299
230,98 260,3201
230,4527 259,6384
230,1546 258,9738
230,1086 258,7075
229,8581 258,1017
229,6366 257,5145
228,5541 255,9105
227,8265 254,8487
227,4491 254,1779
227,4476 254,1793
226,7544 253,4387
224,6254 251,6472
224,1774 251,0477
223,6541 250,4501
223,0724 249,7231
222,2143 248,6582
221,0604 247,4625
221,06 247,461
220,549 246,9496
219,9741 246,3783
219,5937 245,7932
218,576 244,6605
218,1106 244,0561
217,4816 243,2095
217,2739 242,7365
217,2713 242,7422
216,4347 241,5171
216,1736 241,157
215,9372 240,8898
215,7514 240,6213
215,5965 240,2534
215,2332 239,3389
214,9807 239,1149
214,9939 239,0872
214,8051 238,6662
214,3846 237,9762
213,7673 237,0751
213,5096 236,6184
213,1511 235,9479
213,1492 235,9468
213,0162 235,7998
210,2139 234,1007
209,472 233,3572
209,3856 233,1565
209,156 232,7978
208,888 232,5609
208,2599 231,7193
208,0353 231,4704
207,8785 231,312
207,8766 231,3228
207,7808 231,202
207,6072 231,0302
207,5088 230,8284
207,4023 230,659
207,2567 230,3684
207,2174 230,2615
207,0738 230,0535
207,0213 229,9204
206,8873 229,7265
206,7697 229,5736
206,6756 229,4572
206,5637 229,3191
206,4973 229,2531
206,4764 229,188
206,4677 229,1587
206,4738 229,1959
206,4211 229,22
206,3974 229,1985
206,3851 229,1916
206,386 229,1916
206,3587 229,1349
206,3427 229,0683
206,3296 229,0598
206,3072 229,0285
206,2892 228,988
206,2529 228,9663
206,127 228,8784
206,087 228,8212
206,0107 228,7879
205,9543 228,7482
206,0353 228,8204
206,0304 228,7561
205,9499 228,7039
205,9189 228,6959
205,8805 228,5744
205,8835 228,577
205,8646 228,5337
205,8638 228,395
205,7867 228,3386

#33
258 293
257,5857 291,3848
257,3398 290,4332
256,8087 288,989
256,5131 288,2475
256,5166 288,251
255,7163 286,1319
255,3009 285,0461
254,8934 284,1813
254,4889 283,2421
254,0217 281,9943
253,2654 280,3552
252,9567 279,4499
252,5819 278,5376
252,2942 277,6501
251,9374 276,3044
251,1028 274,2688
250,774 273,3419
250,2495 271,9563
249,7612 270,2646
249,3344 269,1006
248,9285 268,1699
248,5361 267,0636
248,3978 266,0018
247,9609 264,7701
247,4857 263,8431
246,4819 260,7609
246,2105 260,1182
245,7171 259,3408
245,6743 259,3095
245,2377 258,6896
244,3575 256,8904
243,8001 256,2744
243,3491 255,5773
242,7164 254,5882
241,7237 253,5496
241,1856 252,8011
240,7517 252,3537
240,1783 251,5705
239,8256 251,0166
239,3129 250,5621
238,7832 250,1522
237,5211 249,2114
236,8411 248,6793
236,5041 248,5274
235,9238 248,1212
234,9447 247,4554
234,3434 247,1557
233,7308 246,913
233,2411 246,6385
233,254 246,6606
232,2695 246,4401
232,2581 246,4298
232,0177 246,4089
231,679 246,2349
231,4789 245,9865
231,1751 245,6116
230,998 245,2632
230,9203 245,093
230,8258 244,7846
230,7905 244,5803
230,6887 244,0579
230,5917 243,5613
230,5108 243,2147
230,494 243,2156
230,4225 242,767
230,4004 241,8295
230,3555 241,4391
230,3366 241,0008
230,2823 240,6637
230,1781 240,2747
230,1025 239,6082
230,0982 239,6039
229,9508 239,3439
229,7466 238,8551
229,621 238,5655
229,4294 238,0008
229,225 237,6246
229,0273 237,2024
228,9873 236,9246
228,986 236,9267
228,8984 236,5748
228,7907 236,4506
228,6963 236,2587
228,5704 236,024
228,4166 235,7065
227,8755 235,1146
227,62 234,7522
227,5992 234,72
227,3027 234,3729
226,861 233,5574
226,2614 232,2681
225,9358 231,8084
225,4241 231,2853
225,4341 231,2833
225,2795 231,1132
222,6491 229,2434
222,0047 228,6207
221,8691 228,4611
221,5643 228,1661
221,3544 227,9823
220,9039 227,893
220,7623 227,899
220,6251 227,818
220,6066 227,8208
220,5151 227,7211
220,3901 227,5681
220,2787 227,398
220,1642 227,3053
220,0123 227,1055
219,9716 227,0314
219,737 226,976
219,6497 226,9147
219,5074 226,8323
219,4053 226,7621
219,3626 226,7256
219,3079 226,74
219,254 226,7197
219,2414 226,6862
219,2221 226,6795
219,193 226,7086
219,0351 226,6555
218,9427 226,581
218,898 226,5405
218,8995 226,5447
218,8425 226,4507

#34
259 305
258,6622 304,6055
258,3932 304,2289
258,1149 303,8079
258,1207 303,8032
258,0268 304,0493
257,5423 303,5771
256,7522 302,8133
256,0972 302,0009
255,5478 301,4143
255,5482 301,4145
255,0509 300,7713
253,6256 299,6906
252,9812 298,9829
252,339 298,2682
251,5864 297,5839
250,3118 296,3036
248,9415 294,677
248,9409 294,6769
248,3518 293,9589
247,3894 292,8983
246,7726 292,1201
245,2715 290,7476
244,3127 289,6891
243,117 288,4601
242,5438 287,8039
242,5414 287,8043
240,6417 285,7755
239,8958 285,0107
239,2462 284,3362
238,6198 283,6071
237,781 282,8972
236,5583 281,7676
235,9571 281,2122
235,1751 280,643
234,4749 280,2167
233,3644 279,6397
231,696 278,6896
230,9363 278,3361
230,1121 277,7774
229,1609 277,191
228,5044 276,5208
227,9397 276,2466
227,0989 275,6162
226,4195 275,4338
225,7545 275,213
225,1391 274,8378
223,2886 273,1593
222,7303 272,7667
222,1283 272,4425
222,1273 272,4461
221,493 272,0964
219,6481 271,1973
219,0429 270,7903
218,4273 270,4721
217,6348 269,9141
216,6327 269,3759
215,8519 269,0419
215,4419 268,5973
214,6164 268,2213
213,9925 267,9037
213,3656 267,6771
212,7139 267,4676
211,4798 267,2327
210,7809 267,1683
210,5014 267,1967
209,8826 267,1886
208,684 267,3525
207,9451 267,4547
207,3414 267,6527
206,6367 267,8614
206,6359 267,8646
204,8381 268,6082
204,8191 268,5955
203,7791 269,2179
203,3158 269,446
202,9264 269,5196
202,2791 269,6599
201,762 269,735
201,6204 269,7594
201,3203 269,8362
200,911 269,9599
200,5683 270,0331
200,1376 270,1157
199,8771 270,126
199,8793 270,1198
199,5822 270,1763
199,2118 270,1924
198,9424 270,2189
198,6781 270,2394
198,55 270,2837
198,3491 270,3302
198,0131 270,3203
198,0093 270,3075
197,7934 270,3033
197,6113 270,2018
197,3965 270,1435
197,1018 270,0183
196,9718 269,9214
196,8659 269,7564
196,7057 269,6994
196,7001 269,6998
196,5769 269,544
196,5055 269,4857
196,4418 269,4558
196,3302 269,432
196,2092 269,3963
196,1618 269,2875
196,0645 269,2822
196,0543 269,289
195,9949 269,2604
195,9562 269,2122
195,8348 269,143
195,7081 269,1105
195,5628 269,0715
195,561 269,0674
195,4911 269,0598
195,387 269,0401
195,1297 269,0204
195,0131 269,002
194,8661 269,005
194,766 269,0096
194,7312 268,992
194,5721 268,9695
194,4457 268,9729
194,4601 268,9706
194,3537 268,9615
194,216 268,8926
194,1306 268,8544
194,0574 268,844
193,9892 268,8305

#35
265 296
264,8152 295,3538
264,4644 293,9328
263,9486 292,5891
263,9485 292,5862
263,7731 291,9511
263,3469 291,091
263,11 290,4265
262,6948 289,0467
262,4106 288,2453
261,9309 286,6514
261,6462 285,9222
261,6442 285,9215
260,8028 283,2517
260,4927 282,3131
260,21 281,4978
259,9388 280,8392
259,6772 280,0811
259,222 278,7039
259,0338 278,041
258,8318 277,2579
258,6752 276,4814
258,4964 275,2815
257,95 273,4236
257,7396 272,571
257,4995 271,3804
257,2278 270,0237
256,9983 269,0849
256,7261 268,1902
256,4678 267,1181
256,3657 266,1428
256,1074 265,1043
255,7303 264,1839
254,6658 260,4684
254,3201 259,4257
253,9791 258,5041
253,9856 258,5259
253,6594 257,7876
253,0671 255,8387
252,7821 255,3673
252,4978 254,7526
252,2111 254,2051
251,6038 253,262
251,2946 252,6457
251,0484 252,2665
250,6751 251,6492
250,468 251,3123
250,2194 251,1236
250,0598 251,011
249,488 250,8328
249,2251 250,6637
249,0703 250,5923
248,7941 250,4525
248,3218 250,3444
248,0222 250,1725
247,7269 250,0502
247,471 249,8875
247,4718 249,8833
247,1196 249,5405
247,1181 249,5486
247,1007 249,3881
247,0808 249,1892
247,0909 249,0118
247,0841 248,65
247,1452 248,4043
247,1315 248,2834
247,1364 248,0723
247,1038 247,807
247,1167 247,2563
247,0915 246,7911
247,073 246,47
247,0769 246,4902
247,0735 246,062
247,4318 245,3419
247,4467 244,8772
247,4021 244,505
247,356 244,1931
247,2311 243,6852
247,1396 243,2515
247,1376 243,2503
246,9872 242,916
246,781 242,8065
246,6233 242,6284
246,4906 242,5469
246,3516 242,3829
246,2087 242,1789
246,1412 242,032
246,1399 242,0318
245,9881 241,7678
245,9518 241,6413
245,939 241,4884
245,9502 241,3812
246,0085 241,274
246,1167 240,9862
246,1892 240,8964
246,1655 240,9109
246,1852 240,7388
246,2574 240,447
246,2241 240,1422
246,1499 239,9617
246,0473 239,7999
246,0519 239,7954
246,0074 239,7464
245,7752 239,7541
245,7617 239,4638
245,7803 239,3697
245,8073 239,1754
245,8106 239,0031
245,9288 238,8731
245,9723 238,6983
246,0228 238,5676
246,0358 238,5644
246,0379 238,4194
246,0723 238,2913
246,0792 238,2034
246,0356 238,0715
245,9749 237,9359
245,9475 237,8595
245,8582 237,6711
245,7701 237,4777

#36
235 267
235,0018 266,9915
232,8997 265,7677
231,7877 265,0952
230,5295 264,5855
229,976 264,1183
229,6106 263,7452
229,6101 263,745
229,3208 263,4832
228,9758 262,8063
228,7095 262,7249
228,4945 262,5858
228,4408 262,4877
228,3834 262,484
228,1781 262,3104
228,178 262,3104
228,0393 262,1895
227,9889 261,8975
227,9746 261,67
227,9909 260,8783
227,943 260,3937
227,8357 259,6491
227,7588 259,3689
227,7898 259,3142
227,7205 258,3359
227,5575 257,9451
227,4489 257,5712
227,3063 257,0869
226,9941 256,5792
226,7117 255,3104
226,592 254,8463
226,5002 254,4054
226,3698 253,9711
226,178 253,4991
226,0246 253,1453
225,9042 252,8883
225,6617 252,5143
225,2943 252,0264
225,0427 251,5925
224,8352 251,2798
224,4809 250,5801
224,2361 249,9955
223,9104 249,4509
223,615 248,9438
222,4105 247,0104
222,0294 246,4873
221,7205 246,0173
221,7135 246,0222
221,3376 245,4611
220,4187 244,0472
220,0588 243,5801
219,6931 243,1839
219,4049 242,7094
218,9441 242,292
218,6973 241,8978
218,3884 241,4985
217,9253 240,8402
217,6485 240,4464
217,4195 240,1185
217,2689 239,8018
216,885 239,3665
216,6631 238,985
216,5579 238,7934
216,3419 238,4471
215,9686 237,7988
215,7908 237,5141
215,6987 237,3585
215,5652 237,1404
215,5579 237,1406
215,4982 237,0434
215,4944 237,0447
215,4237 237,0533
215,3277 236,9136
215,2857 236,8452
215,2504 236,7787
215,1356 236,6481
215,1013 236,6296
214,9796 236,5566
214,9494 236,5125
214,9128 236,4945
214,806 236,3602
214,7562 236,2069
214,7617 236,2116
214,6844 236,0583
214,6403 235,8812
214,5691 235,7665
214,4808 235,6105
214,4164 235,4901
214,3222 235,3854
214,2156 235,1836
214,2194 235,1833
214,1805 235,1039
214,1122 235,0038
214,04 234,8768
213,9344 234,6699
213,8506 234,5061
213,6996 234,1646
213,604 233,925
213,6139 233,9203
213,5146 233,5637
213,417 233,3671
213,3337 233,2522
213,2443 233,0794
213,2034 232,8981
213,0726 232,7528
212,8613 232,5999
212,8516 232,5607
212,7562 232,2926
212,5852 231,8588
212,4388 231,3432
212,2794 230,9796
212,0862 230,4618
212,0869 230,4588
212,0482 230,3447
210,3946 229,0529
209,9115 228,4803
209,8393 228,3091
209,6738 227,9347
209,5036 227,6675
208,7601 226,8055
208,5365 226,5409
208,3979 226,3792
208,3888 226,3838

#37
251 282
249,8392 280,0197
249,8393 280,0197
249,3171 279,0974
248,5209 277,8051
248,0094 277,1365
246,6098 275,4904
245,7442 274,3105
244,6671 273,0514
244,1349 272,5355
244,1346 272,5462
242,7843 270,8142
242,2597 270,2561
241,8016 269,7277
241,3335 269,164
240,7187 268,4223
239,5466 267,3268
239,0743 266,636
238,411 265,9267
237,9157 265,3859
237,3293 264,343
236,2273 262,7571
235,741 262,1545
235,0376 261,2
233,9694 260,408
233,3707 260,1318
232,7945 259,6309
231,9286 258,8635
231,4383 258,1635
230,8622 257,6829
230,5162 257,2233
228,9758 255,4364
228,4088 254,8038
227,9214 254,1404
227,9224 254,1396
227,2472 253,3512
226,0595 251,8492
225,4646 251,172
224,884 250,5509
224,3877 249,7348
223,7788 248,833
223,2125 248,2529
222,7641 247,7188
222,1482 246,9347
221,6651 246,4204
221,3336 245,9284
220,8571 245,4463
220,0854 244,62
219,521 244,1696
219,2916 243,9249
218,7716 243,4989
217,9857 242,6757
217,6287 242,3379
217,4205 242,1434
217,1794 241,8515
217,1731 241,8543
217,0258 241,7587
217,0313 241,7531
216,8201 241,7494
216,5422 241,534
216,3689 241,3833
216,3764 241,3854
216,1844 241,2293
216,1409 241,2066
215,9345 241,0859
215,8947 240,9712
215,7971 240,8549
215,605 240,5935
215,4901 240,3757
215,4937 240,3811
215,3929 240,1463
215,3097 239,7838
215,1891 239,6289
215,0639 239,4404
214,9371 239,2646
214,7867 239,0553
214,6439 238,7537
214,6491 238,7505
214,5694 238,6225
214,4807 238,475
214,3871 238,3443
214,2822 238,0706
214,1393 237,8165
213,9302 237,4611
213,8082 237,2433
213,813 237,2385
213,6745 236,8663
213,5766 236,6867
213,4988 236,5798
213,4066 236,422
213,3401 236,2172
213,2035 235,7945
212,9909 235,612
212,9925 235,5865
212,8745 235,3167
212,645 234,7466
212,4219 234,0751
212,2442 233,6838
211,9843 233,1225
211,9826 233,1206
211,9066 232,9318
209,8761 231,0751
209,4172 230,4178
209,3295 230,2397
209,1575 229,8753
208,918 229,636
208,3834 228,9734
208,1814 228,7101
208,0401 228,5683
208,0397 228,5787
207,9439 228,4915
207,7686 228,4719
207,6558 228,3476
207,5612 228,2228
207,4349 227,8694
207,3927 227,7306
207,2457 227,4713
207,1845 227,3894
207,0533 227,2424
206,9321 227,0847
206,8407 226,9819
206,7413 226,8926
206,6567 226,7961
206,6148 226,7027
206,6103 226,6753
206,6132 226,7038

#38
253 285
252,3395 283,4767
252,0571 282,9764
251,6946 282,0322
251,3515 281,1521
251,1284 280,136
250,6231 279,3071
250,6237 279,3083
249,5982 277,1803
249,246 276,0296
248,551 274,9811
248,141 273,813
247,5941 273,1324
247,5943 273,1321
247,3522 272,4561
246,2406 270,3367
245,8417 269,6166
245,5043 268,8953
245,1561 268,2707
244,3479 267,1002
243,7798 266,1359
243,78 266,1359
243,3611 265,5411
243,0191 264,9457
242,6698 264,5782
241,869 263,3306
241,3548 262,6341
240,6644 261,9043
240,3106 261,522
240,3096 261,5208
239,5385 260,404
239,2544 259,9358
239,0348 259,5265
238,6904 259,1461
238,3622 258,58
237,3791 257,7681
236,9804 257,3257
236,48 256,8493
236,0576 256,4679
235,5374 255,7627
234,5819 254,7976
234,1621 254,3837
233,4844 253,6434
232,5779 252,9299
232,0635 252,5108
231,6096 251,9891
230,839 251,2243
230,5622 250,3813
230,2585 249,8199
229,9536 249,4359
229,0803 248,0314
228,6518 247,527
228,2908 246,9325
228,2923 246,9319
227,7536 246,2268
226,8283 244,5451
226,3555 243,8518
225,9102 243,3247
225,545 242,6056
224,9935 241,697
224,3838 241,0599
223,9616 240,596
223,3426 239,8113
222,95 239,3391
222,6751 238,8637
222,4527 238,5192
222,0455 238,1871
221,7723 237,847
221,6397 237,7003
221,3949 237,3894
220,9546 236,7593
220,7353 236,4889
220,6089 236,3471
220,5019 236,119
220,4989 236,1277
220,4836 235,9075
220,4796 235,8979
220,3684 235,8
220,2108 235,6767
220,1435 235,5893
220,1105 235,4854
219,9729 235,3857
219,9277 235,3673
219,8132 235,2922
219,7784 235,2306
219,7313 235,1657
219,6281 234,9666
219,5801 234,7621
219,5716 234,7647
219,4941 234,5479
219,4235 234,2776
219,3472 234,1266
219,2932 233,9474
219,2314 233,8175
219,1609 233,7344
219,062 233,5616
219,0632 233,5753
219,0035 233,4769
218,9344 233,3483
218,8508 233,1664
218,7381 232,8105
218,6601 232,5561
218,516 232,1893
218,4228 231,938
218,4353 231,9371
218,3725 231,5962
218,2842 231,421
218,1881 231,2635
218,0745 231,0994
218,0226 230,9365
217,9012 230,9387
217,761 230,8148
217,7502 230,7795
217,6678 230,5605
217,4926 230,2386
217,307 229,5907
217,1367 229,2624
216,8466 228,6431
216,8379 228,654
216,7886 228,4786
215,2799 226,977
214,6105 226,3651
214,4597 226,2139
214,1877 225,8828
213,9897 225,6993
213,642 225,2847
213,4135 225,25
213,2596 225,1747
213,2643 225,1892
213,1401 225,1402
212,9133 225,2245

#39
254 289
253,761 287,2953
253,0447 285,0458
252,6915 283,6917
252,2077 282,8711
252,2077 282,8711
251,9094 282,299
250,8406 280,6196
250,43 279,9062
249,9603 279,2415
249,5145 278,5099
248,4627 276,8719
247,7525 275,5423
247,7526 275,5423
247,2706 274,9527
246,6975 274,1163
246,1775 273,6676
244,9572 272,6373
244,349 272,0682
243,4497 271,0991
242,9601 270,6404
242,9592 270,6522
241,8299 269,3295
241,3533 268,8538
240,9147 268,3653
240,4324 267,7635
239,8362 267,0747
238,6649 266,1016
238,1482 265,4709
237,4598 264,7846
236,8963 264,3207
236,1399 263,4202
234,9404 261,9716
234,4933 261,3972
233,807 260,5428
232,8471 259,8373
232,225 259,5595
231,6522 259,1146
230,8303 258,2781
230,425 257,5473
229,9991 257,1028
229,6254 256,6268
228,0723 254,9161
227,5614 254,2907
227,1272 253,5768
227,1263 253,5759
226,5645 252,8032
225,3091 251,4152
224,6998 250,7774
224,141 250,2021
223,5946 249,4359
223,0554 248,6904
222,5485 248,1233
222,1579 247,6142
221,5268 246,8348
221,0918 246,3386
220,7201 245,8634
220,3261 245,3707
219,4928 244,5241
218,9418 244,0667
218,7016 243,8162
218,2449 243,3803
217,3631 242,5578
217,0066 242,2175
216,7806 242,0193
216,5522 241,7459
216,5436 241,7462
216,3927 241,6474
216,3945 241,643
216,2381 241,6869
215,9223 241,4868
215,728 241,3353
215,739 241,3509
215,5508 241,1849
215,5155 241,1515
215,3649 241,0166
215,3311 240,9091
215,2486 240,8097
215,0506 240,5823
214,9191 240,4042
214,9248 240,4087
214,8035 240,1973
214,7247 239,857
214,6069 239,7007
214,4855 239,4831
214,38 239,2801
214,2391 239,066
214,0755 238,7808
214,0726 238,7871
213,9828 238,6775
213,8826 238,5523
213,7877 238,4382
213,6735 238,1712
213,5309 237,9012
213,3351 237,5129
213,2166 237,2939
213,2209 237,2877
213,069 236,9344
212,9584 236,7712
212,8648 236,6806
212,7555 236,5272
212,6968 236,3407
212,5701 235,9104
212,3801 235,6838
212,3744 235,6579
212,2587 235,3601
212,0268 234,8258
211,8279 234,2443
211,6539 233,8336
211,4027 233,2198
211,3992 233,2184
211,3025 233,0284
208,9395 231,3163
208,4757 230,5715
208,3648 230,4081
208,1792 230,0767
207,9404 229,8144
207,4035 229,181
207,1909 228,8499
207,0468 228,6978
207,0457 228,7074
206,924 228,6224
206,7304 228,5871
206,6177 228,4538
206,5182 228,325
206,3723 228,026
206,3423 227,8691
206,1889 227,6022
206,135 227,5111
206,0106 227,3535
205,8901 227,2095

#40
262 287
261,4177 284,9845
260,6648 282,6515
260,6646 282,6501
260,4513 281,7053
259,978 280,2618
259,6138 279,2424
258,9753 276,7296
258,4457 275,3709
257,7631 273,313
257,4022 272,3157
257,4011 272,3159
256,4219 269,576
256,0111 268,4528
255,6195 267,628
255,1945 266,759
254,779 265,7709
254,1431 264,1464
253,909 263,431
253,6865 262,5615
253,5188 261,7764
253,369 260,5594
252,9591 258,9639
252,765 258,3245
252,5194 257,3293
252,0491 256,3913
251,7167 255,8819
251,4211 255,2435
251,1275 254,4716
250,8991 253,8591
250,7021 253,2832
250,4328 252,6841
249,3407 249,665
249,0392 249,1701
248,8021 248,6781
248,8078 248,6711
248,5353 248,2153
247,8406 246,8759
247,5392 246,3893
247,2697 245,8952
246,9687 245,4022
246,4112 244,4899
246,0895 243,9588
245,8217 243,5491
245,5262 243,0787
245,4224 242,7513
245,2351 242,596
245,1372 242,5439
244,6469 242,3667
244,3909 242,2087
244,2695 242,148
244,0165 242,034

#30
247 286
245,92 283,4456
245,0995 281,7459
244,4961 280,698
244,4962 280,698
243,9039 279,5834
242,6523 276,819
241,9965 275,8323
241,4505 274,9514
240,6017 273,6583
239,3236 271,6738
238,1082 269,5506
238,1073 269,5398
237,4412 268,3481
236,5375 266,4962
235,9255 265,5828
234,2662 263,4788
233,4121 262,1534
232,2921 260,6476
231,7383 259,8929
231,7386 259,8925
230,3761 257,8804
229,7252 257,075
229,1914 256,338
228,5182 255,6482
227,8816 254,9037
225,357 252,0826
224,7952 251,4642
224,7718 251,3989
224,2499 250,7654
223,2245 249,7469
221,6239 248,1242
221,1447 247,417
220,4795 246,3707
220,4803 246,3694
220,253 246,0446
217,872 243,2587
217,0769 242,2467
216,95 242,0354
216,5763 241,576
216,3371 241,2829
215,7028 240,628
215,4796 240,291
215,3611 240,0339
215,3685 240,0359
215,2422 239,7648
215,033 239,4135
214,9607 239,1972
214,8183 238,9019
214,6275 238,6119
214,5378 238,5112
214,2631 238,1605
214,1395 237,9806
213,9627 237,748
213,8114 237,6058
213,7068 237,4997
213,5876 237,3944
213,549 237,3823
213,5199 237,3599
213,4596 237,321
213,4097 237,309
213,2725 237,1604
213,182 237,0892
213,1326 237,0501
213,1343 237,0499
213,0554 236,9633
212,9083 236,8396
212,858 236,7602
212,8024 236,6655
212,7284 236,5803
212,6931 236,534
212,5472 236,3346
212,4711 236,2131
212,3901 236,0688
212,3348 235,9816
212,5943 236,531
212,5963 236,4942
212,5475 236,4413
212,5124 236,421
212,463 236,3151
212,4659 236,3178
212,4348 236,2323
212,4082 236,0884
212,318 235,9944
212,2788 235,9561
212,1793 235,7893
212,0994 235,7248
212,03 235,6308
211,9922 235,527
211,9925 235,5228
211,8834 235,4011
211,8282 235,3395
211,7762 235,2943
211,7061 235,2479
211,678 235,2025
211,585 235,1275
211,5241 235,0658
211,5204 235,0672
211,4733 235,0131
211,4206 234,9958
211,3809 235,0098
211,2184 234,9155
211,1334 234,8488
211,0411 234,8154
211,0489 234,812
210,8398 234,7077
210,7649 234,6331
210,6351 234,4757
210,5427 234,2797
210,5423 234,2795
210,3034 233,7015
210,1759 233,4594
209,8335 233,016
209,7073 232,7978
209,4111 232,3794
208,7848 231,3758
208,4712 231,0222
208,1326 230,6616
207,9625 230,4858
207,9628 230,4861
207,8853 230,2582
207,8024 230,1209
207,7591 229,9909
207,6631 229,9512
207,6128 229,8675
207,5617 229,9692
207,5625 229,9693
207,5341 229,8901
207,4304 229,7555
207,2895 229,6969
207,1823 229,6597
207,1212 229,6329

