#1
506 432
513,0227 432,1855
519,9983 432,3478
527,0204 432,4782
533,9227 432,6252
540,7225 432,6954
547,5655 432,7679
554,3702 432,9022
560,9417 432,902
567,6158 432,9631
574,181 433,0203
580,5418 433,0362
586,9323 433,0549
593,2734 433,0431
599,4627 433,0106
605,5858 432,9759
611,6254 432,8799
617,5651 432,8229
623,4684 432,7345
629,2625 432,647
634,9608 432,5135
640,5984 432,4174
646,1672 432,302
651,533 432,1633
656,8723 431,9778
662,2206 431,8507
667,4864 431,7287
672,5889 431,5833
677,7294 431,4905
682,6337 431,3113
687,607 431,1588
692,4272 430,9349
697,1641 430,7257
701,7699 430,4978
706,3328 430,2055
710,7293 429,9476
715,1665 429,6342
719,4987 429,4496
723,6016 429,1959
727,6102 428,9325
731,6689 428,7184
735,5483 428,501
739,3522 428,3055
743,0354 428,0742
746,6158 427,7993
750,1741 427,6139
753,6128 427,427
756,9952 427,1712
760,2703 427,0067
763,404 426,7009
766,4725 426,4888
769,4895 426,2238
772,5326 426,0751
775,3948 425,7682
778,1505 425,5496
780,8211 425,2964
783,4437 424,9912
786,0328 424,7775
788,4694 424,5507
790,902 424,3679
793,1356 424,1384
795,3112 423,94
797,4827 423,7431
799,544 423,5915
801,5786 423,4165
803,499 423,2512
805,3902 423,0902
807,2165 422,8904
808,8671 422,6983
810,5714 422,5824
812,1442 422,4363
813,5917 422,3254
815,1432 422,2058
816,4189 422,0356
817,7033 421,8633
818,908 421,6965
820,1506 421,6316
821,2598 421,4855
822,2966 421,3818
823,3349 421,3343
824,2259 421,1948
825,0615 421,1613
825,9081 421,0313
826,6362 420,9684
827,2601 420,9411
827,8283 420,809
828,4374 420,7871
828,8439 420,6975
829,3481 420,6885
829,6579 420,6423
830,03 420,5894
830,3136 420,5683
830,4534 420,5758
830,5439 420,5424
830,6125 420,5219
830,6307 420,5211
830,6305 420,5209
830,6306 420,5208
830,6311 420,5209
830,6345 420,5196
830,6352 420,5195
830,642 420,5192
830,4278 420,5841
830,43 420,5865
830,4103 420,6148
830,4088 420,6153

#2
57 373
61,10786 374,1888
65,31317 375,2913
69,50445 376,4228
73,78575 377,6179
78,21734 378,7157
82,66576 379,9934
87,29411 381,1805
91,79829 382,3365
96,58788 383,5404
101,3632 384,6873
106,272 385,872
111,2266 387,0499
116,2563 388,2065
121,362 389,4236
126,5114 390,5886
131,7082 391,7273
137,0356 392,9547
142,4632 394,2146
147,9393 395,3524
153,5731 396,4993
159,3315 397,6638
165,1298 398,8018
170,9726 399,9406
176,8716 401,1701
182,8454 402,2357
188,9135 403,3236
194,9995 404,4165
201,196 405,4704
207,4484 406,5124
213,6985 407,4989
220,1055 408,4823
226,5062 409,4578
232,9818 410,4345
239,4935 411,3668
246,077 412,3277
252,657 413,2437
259,2738 414,0934
265,7838 414,8565
272,4209 415,6193
279,0345 416,4087
285,6069 417,1419
292,287 417,8425
298,8631 418,5688
305,5223 419,2563
312,2131 419,9194
318,7472 420,4911
325,3386 421,0399
331,9212 421,5818
338,4533 422,1264
344,9383 422,6415
351,4123 423,1295
357,8226 423,5926
364,0811 424,1108
370,4716 424,4853
376,6367 424,8764
382,8982 425,2794
388,9856 425,6617
395,0384 426,0145
401,014 426,4241
406,9088 426,7298
412,7348 427,153
418,5029 427,5369
424,225 427,8003
429,7691 428,1167
435,2619 428,3936
440,6393 428,6022
445,9864 428,8446
451,2231 429,0801
456,3144 429,2184
461,4441 429,4185
466,4022 429,5912
471,2226 429,7607
475,9849 429,894
480,5974 430,0007
485,1923 430,1874
489,5122 430,334
493,8777 430,4814
498,0704 430,6169
502,1785 430,6989
506,2577 430,8377
510,1389 430,8882
513,8516 430,8971
517,5685 430,9276
521,2321 430,9613
524,6996 430,9904
528,1052 431,0494
531,3802 431,0823
534,5441 431,1396
537,5272 431,1533
540,4578 431,1742
543,2812 431,1889
545,9673 431,1963
548,5584 431,2145
551,0147 431,2282
553,435 431,2469
555,7291 431,2403
557,9706 431,2717
560,0237 431,2655
562,0585 431,264
564,0089 431,2654
565,7384 431,248
567,5626 431,2459
569,2872 431,2262
570,803 431,2221
572,4851 431,2322
573,91 431,2004
575,4874 431,1939
576,8098 431,1732
578,3605 431,1901
579,6668 431,1464
581,0773 431,1513
582,4084 431,146
583,6404 431,1431
584,9809 431,1346
586,2166 431,0931
587,4492 431,0799
588,5506 431,001
589,605 430,9985
590,6973 430,9471
591,7115 430,942
592,6663 430,9366
593,662 430,9485
594,5672 430,9154
595,3607 430,875
596,2429 430,849
597,0492 430,8305

#3
460 441
467,2783 441,4897
474,5247 441,9993
481,8769 442,3065
489,0352 442,6805
496,2286 443,0325
503,5006 443,3271
510,5389 443,4901
517,7302 443,7008
524,816 443,9841
531,7836 444,1689
538,8546 444,3103
545,8011 444,4776
552,7083 444,5953
559,5698 444,6798
566,4662 444,7965
573,152 444,8322
579,7579 444,8811
586,4568 444,893
592,9953 444,8767
599,5374 444,8042
605,9973 444,861
612,3481 444,8455
618,6318 444,7007
624,8325 444,5895
630,9486 444,5197
636,996 444,501
643,0165 444,4033
648,8407 444,2617
654,6664 444,1019
660,5433 443,9009
666,3 443,7494
671,8464 443,6115
677,3981 443,459
682,7838 443,3006
688,1421 443,0135
693,459 442,7798
698,7518 442,5782
703,8932 442,4436
708,855 442,3231
713,8901 442,0377
718,7598 441,8004
723,5013 441,6942
728,2968 441,4578
732,8289 441,2551
737,4789 441,0059
741,9283 440,6709
746,4155 440,4401
750,6381 440,0668
754,9224 439,6979
758,9495 439,4195
763,0494 439,1526
766,9632 438,7798
770,8344 438,5437
774,6124 438,3241
778,3585 438,0309
781,8767 437,6324
785,2977 437,3238
788,6539 437,0146
791,9567 436,6849
795,2623 436,3646
798,4695 436,2401
801,4949 435,9231
804,5114 435,5971
807,3873 435,3329
810,1884 434,9658
812,9453 434,6982
815,6147 434,4598
818,1913 434,1954
820,6116 433,8205
823,0757 433,5431
825,4866 433,3425
827,6862 433,0017
829,8751 432,6916
832,0571 432,468
834,0994 432,2452
836,0902 431,9813
838,0302 431,7032
839,8802 431,5231
841,5321 431,2654
843,3079 431,0831
844,8974 430,9055
846,4859 430,656
848,0038 430,533
849,4417 430,3257
850,6937 430,1398
852,1217 430,0196
853,0663 429,5587
854,0918 429,3093
854,9302 428,9122
855,7308 428,5992
856,527 428,2404
857,1669 427,8549
857,7271 427,4539
858,413 427,1948
858,916 426,8718
859,434 426,5201
859,9016 426,2802
860,3538 425,932
860,7114 425,6552
861,0275 425,4502
861,3763 425,2631
861,6154 425,0668
861,9094 424,8564
862,1132 424,7104
862,2349 424,6401
862,3707 424,5731
862,4311 424,4904
862,4758 424,4367
862,5014 424,4265
862,5002 424,4257
862,5002 424,4258
862,5015 424,4265

#4
96 394
100,9281 395,2943
105,9279 396,5861
110,9754 397,9258
116,1361 399,3147
121,5234 400,5875
126,8915 401,8855
132,3809 403,2058
137,9563 404,4731
143,4918 405,7923
149,1787 407,0228
154,7877 408,3245
160,6606 409,5375
166,5789 410,7038
172,597 411,8391
178,6272 413,1272
184,7936 414,3875
191,0574 415,6273
197,3843 416,8186
203,7567 417,9796
210,1645 419,1443
216,6135 420,2239
223,0847 421,3073
229,618 422,4161
236,2151 423,4648
242,8149 424,4795
249,4659 425,4989
256,1834 426,4337
262,8727 427,4936
269,6197 428,5038
276,4308 429,4837
283,2878 430,4355
290,0178 431,3562
296,8246 432,2691
303,6308 433,0054
310,4326 433,797
317,1515 434,6745
323,7975 435,4877
330,4987 436,4666
337,2493 437,182
343,9979 437,8581
350,7229 438,5804
357,4376 439,3418
364,0708 439,9489
370,7425 440,6097
377,3492 441,2683
383,9251 441,8097
390,4369 442,399
396,9754 442,9086
403,3681 443,5074
409,7824 443,7272
415,924 444,3969
422,2286 444,9589
428,3767 445,3452
434,4679 445,7563
440,5377 446,0675
446,5332 446,4231
452,4595 446,7699
458,1913 447,258
463,9133 447,5355
469,5586 447,7416
474,9906 448,0949
480,4344 448,2959
485,7711 448,5421
491,0185 448,6395
496,1829 448,8342
501,1996 449,012
506,217 449,2462
510,9896 449,4197
515,7012 449,5276
520,3706 449,5306
524,8846 449,6202
529,2866 449,7685
533,562 449,8635
537,7234 449,9635
541,8309 450,0391
545,8354 450,1329
549,6281 450,1711
553,3928 450,1579
557,1362 450,1423
560,6201 450,1465
564,034 450,1837
567,3962 450,1895
570,6247 450,2028
573,6735 450,2231
576,6889 450,228
579,5574 450,2308
582,3585 450,2087
585,0039 450,1141
587,5457 450,096
589,9587 450,1114
592,2837 450,1096
594,5734 450,0823
596,6789 450,0548
598,7202 450,0406
600,7595 449,9628
602,6417 449,924
604,3632 449,9084
606,1458 449,8554
607,7296 449,8121
609,429 449,8027
610,8586 449,738
612,4227 449,6563
613,8241 449,6217
615,2996 449,602
616,5893 449,6095
617,9847 449,5713
619,2616 449,5497
620,6346 449,5315
621,8407 449,5254
623,1165 449,4873
624,3616 449,449
625,454 449,4227
626,606 449,3578
627,6603 449,3353
628,6316 449,2951
629,7111 449,2644
630,6476 449,2575
631,5575 449,2217
632,4109 449,1974
633,3135 449,1867
634,0698 449,1197
634,7953 449,11
635,5325 449,0633
636,1978 449,0347
636,7947 449,0011
637,4078 448,927
637,9932 448,9183
638,6432 448,8668

#5
33 366
36,62288 367,0652
40,29132 368,2155
44,0019 369,2571
47,81265 370,324
51,75758 371,4032
55,75475 372,489
59,77644 373,638
63,92793 374,7313
68,13008 375,865
72,36108 377,1018
76,62551 378,2099
81,06514 379,3865
85,51309 380,5149
90,04227 381,639
94,61953 382,7202
99,29076 383,8678
103,9901 385,0665
108,7866 386,2884
113,6524 387,4788
118,5877 388,6818
123,5391 389,8489
128,6124 391,066
133,7515 392,1829
138,9611 393,3473
144,3302 394,4211
149,6465 395,4997
155,0367 396,6528
160,493 397,6896
166,0157 398,7869
171,62 399,8673
177,2214 400,9233
182,9254 402,0361
188,6832 403,0239
194,5001 404,0024
200,3129 405,0378
206,3083 405,8893
212,2021 406,9135
218,1904 407,8255
224,1925 408,6806
230,2199 409,6446
236,218 410,5688
242,2858 411,3261
248,3732 412,1283
254,4864 412,9165
260,5896 413,7671
266,7367 414,5193
272,9406 415,2739
279,0781 416,0263
285,2251 416,6643
291,4012 417,3068
297,5137 417,8113
303,5482 418,4122
309,6102 418,9886
315,6432 419,5699
321,6924 420,1122
327,6659 420,5627
333,6274 421,0685
339,511 421,4916
345,3074 422,0274
351,1381 422,4156
356,953 422,7459
362,6245 423,2833
368,331 423,6215
373,8369 424,1682
379,414 424,524
384,8748 424,8944
390,2861 425,2534
395,5193 425,5346
400,7344 425,8542
405,9237 426,1892
410,9353 426,4121
415,9528 426,6953
420,8445 426,933
425,6785 427,2569
430,5016 427,4693
435,1342 427,6187
439,6683 427,8126
444,1067 427,9827
448,4719 428,226
452,6618 428,4506
456,8242 428,6642
460,903 428,8023
464,832 428,9781
468,7251 429,096
472,4907 429,1506
476,1462 429,2612
479,7138 429,3059
483,2459 429,3856
486,5947 429,4447
489,8567 429,5376
493,0009 429,5723
496,0107 429,5882
498,8987 429,6701
501,7281 429,7008
504,3773 429,8065
507,0211 429,8426
509,4789 429,8885
511,8721 429,8914
514,2371 429,8965
516,4823 429,9913
518,4866 430,0107
520,4873 430,0417
522,4955 430,0343
524,3028 430,0641
526,1093 430,0568
527,8252 430,0681
529,4017 430,1271
531,101 430,1139
532,5142 430,1297
534,0997 430,144
535,4645 430,1419
536,9734 430,1367
538,32 430,1464
539,6714 430,1687
541,015 430,1789
542,3812 430,1588
543,6219 430,1558
544,7905 430,1667
546,1458 430,1545
547,2385 430,1485
548,3931 430,1457
549,5354 430,1199
550,4561 430,1326
551,4635 430,1348
552,4678 430,1136
553,3481 430,1093
554,1796 430,1004
555,0023 430,0921
555,8098 430,0805
556,5449 430,0852
557,2921 430,0741
557,9158 430,0755
558,5709 430,1034
559,1942 430,0826
559,7625 430,0678
560,4044 430,0281
561,0876 430,0221
561,6798 430,0304
562,3687 430,0228
562,8271 430,0501
563,5192 430,0276
564,1497 430,0458
564,7271 430,0426
565,3746 430,0306

#6
39 361
42,8373 362,0848
46,68338 363,2082
50,59776 364,2895
54,67582 365,3805
58,78975 366,5029
62,98249 367,5948
67,3484 368,7256
71,70293 369,8403
76,16485 371,0497
80,62677 372,2021
85,17527 373,3935
89,83145 374,5394
94,5581 375,6127
99,20928 376,9082
103,9766 378,1371
108,759 379,3708
113,8062 380,51
118,868 381,6146
124,0812 382,711
129,3182 383,8696
134,5542 385,0153
139,752 386,1894
145,1214 387,3432
150,3875 388,4752
155,7922 389,5715
161,4115 390,6238
167,1361 391,6385
172,8779 392,713
178,6924 393,8855
184,6717 394,9717
190,6691 396,0013
196,7116 397,0462
202,7629 397,9733
208,9365 398,9719
215,1352 399,9767
221,4128 400,9367
227,679 401,8919
233,964 402,8015
240,3942 403,7502
246,7365 404,6714
253,2183 405,6805
259,7525 406,5343
266,383 407,4729
272,8806 408,2844
279,4459 409,0768
285,9477 409,7599
292,5085 410,4893
299,0187 411,1747
305,5905 411,876
312,1903 412,5219
318,6301 413,2174
325,2535 413,8049
331,6906 414,5127
338,218 415,1317
344,65 415,7199
351,1813 416,2589
357,6044 416,7059
364,0263 417,2659
370,433 417,6956
376,7254 418,2077
382,9564 418,5332
389,3535 418,9428
395,4848 419,4308
401,6669 419,7479
407,6954 420,1365
413,712 420,4447
419,596 420,9959
425,4687 421,3734
431,2987 421,7686
437 422,1792
442,637 422,5004
448,2124 422,8267
453,6054 423,1966
458,9331 423,4945
464,27 423,7265
469,4281 424,077
474,4389 424,3553
479,5406 424,5824
484,4533 424,8619
489,2527 425,1507
493,9774 425,2884
498,54 425,4908
503,1142 425,7135
507,4153 425,8484
511,7448 426,0875
515,8963 426,3005
519,9601 426,4724
524,0267 426,6832
527,8555 426,8369
531,5779 426,9317
535,2874 427,1171
538,8467 427,1961
542,3737 427,3166
545,6891 427,3232
548,9479 427,4601
552,1282 427,5102
555,1058 427,592
557,9702 427,667
560,7537 427,6799
563,4761 427,7699
566,0641 427,8831
568,4797 427,9189
570,8586 427,937
573,1908 428,065
575,3929 428,1719
577,4233 428,1266
579,4462 428,1328
581,4083 428,2122
583,1336 428,2133
584,9073 428,1983
586,5912 428,1725
588,1581 428,2141
589,7592 428,2788
591,2166 428,1882
592,7316 428,2151
594,1044 428,2238
595,5907 428,2512
596,8975 428,1867
598,3065 428,2413
599,609 428,2048
600,8339 428,207
602,2127 428,2462
603,3766 428,1871
604,6071 428,2925
605,6998 428,1925
606,7322 428,2036
607,8451 428,2521
608,8312 428,2292
609,7607 428,2166
610,7687 428,2544
611,6555 428,2361
612,4323 428,2172
613,3448 428,2917
614,1575 428,2644
614,7766 428,2583
615,4476 428,2351
616,084 428,2444
616,7264 428,2525
617,3386 428,217
617,8907 428,1481
618,4698 428,1412
619,1385 428,16
619,7343 428,1346
620,3879 428,1726
620,8792 428,1224

#7
382 424
389,4666 424,528
396,7845 424,9749
404,2064 425,5175
411,4952 426,0434
418,8108 426,4941
426,3119 427,0064
433,6156 427,4265
440,9846 427,8064
448,3224 428,1671
455,5504 428,4466
462,8577 428,7326
470,0954 429,0664
477,3347 429,351
484,4818 429,5938
491,7323 429,9134
498,8344 430,1776
506,0331 430,4443
513,0277 430,5882
520,0081 430,7357
527,0311 430,8758
533,9265 431,0629
540,715 431,1452
547,5714 431,2281
554,3873 431,3557
560,9558 431,3569
567,6269 431,406
574,168 431,447
580,5212 431,4624
586,9123 431,4779
593,2466 431,4688
599,4294 431,4495
605,5427 431,4185
611,5762 431,3374
617,4963 431,2848
623,378 431,1937
629,1476 431,0937
634,8061 430,9289
640,4323 430,8068
645,9114 430,6723
651,3307 430,5552
656,6173 430,3986
661,9439 430,2824
667,2453 430,1645
672,3321 429,9918
677,4533 429,8763
682,3404 429,6808
687,2966 429,5369
692,0927 429,3448
696,77 429,1483
701,4266 428,8733
705,9152 428,5642
710,3721 428,3553
714,7014 428,0309
719,0693 427,8029
723,1959 427,5537
727,1928 427,3359
731,2574 427,1353
735,1272 426,8707
738,8319 426,6592
742,5375 426,4639
746,1721 426,2145
749,6313 426,0094
753,147 425,7813
756,4449 425,5389
759,6813 425,3918
762,8319 425,0987
765,9155 424,8445
768,9366 424,5746
772,0142 424,4402
774,8384 424,1765
777,5724 423,921
780,3033 423,6423
782,8824 423,3708
785,4642 423,1863
787,8879 422,9036
790,3662 422,7164
792,5408 422,4975
794,7044 422,3311
796,9133 422,1352
798,9843 421,9547
801,0198 421,7622
802,9362 421,5951
804,7792 421,4562
806,5964 421,2953
808,3387 421,1009
810,0196 420,9404
811,5142 420,7825
813,0228 420,6555
814,5065 420,5496
815,806 420,4008
817,1764 420,2559
818,3463 420,0891
819,5486 420,0082
820,6257 419,8361
821,677 419,7226
822,7238 419,6707
823,5917 419,5406
824,463 419,5182
825,371 419,4011
826,1128 419,3392
826,6472 419,3203
827,2952 419,1974
827,8364 419,167
828,3264 419,0778
828,7744 419,0621
829,171 418,9998
829,4609 418,953
829,7255 418,9173
829,8708 418,9216
830,0331 418,8802
830,0981 418,867
830,1332 418,8733
830,1333 418,8732
830,1332 418,8731
830,1333 418,873
830,1355 418,8712
830,1368 418,8708

#8
425 430
431,7285 430,455
438,4987 430,9193
445,2958 431,3165
452,1192 431,6199
458,7616 432,0495
465,4585 432,3626
472,1644 432,6391
478,7678 432,927
485,2249 433,2958
491,6948 433,523
498,2144 433,7664
504,6145 434,071
511,0084 434,3893
517,364 434,5084
523,5615 434,7809
529,815 435,0068
535,9853 435,1871
542,1318 435,2723
548,1887 435,3491
554,2385 435,4524
560,235 435,4347
566,1371 435,4489
571,9631 435,4503
577,7104 435,3969
583,433 435,3086
589,0882 435,2309
594,5799 435,0612
600,0013 434,9937
605,3338 434,8502
610,6705 434,6671
615,9628 434,459
621,1491 434,3026
626,2206 434,1845
631,2761 433,9384
636,335 433,8027
641,1714 433,6696
646,0482 433,5633
650,7377 433,455
655,3947 433,2963
660,0088 433,1334
664,4853 432,9187
668,9096 432,7283
673,326 432,5261
677,5434 432,3778
681,7479 432,1948
685,7355 432,0302
689,679 431,8758
693,5284 431,7591
697,3755 431,6262
700,9682 431,4764
704,6245 431,3683
708,2098 431,2131
711,5714 431,038
715,0331 430,7979
718,3096 430,5993
721,512 430,4318
724,6815 430,1772
727,7263 429,8843
730,7243 429,6319
733,6286 429,4848
736,4736 429,2752
739,1992 429,0685
741,7224 428,8191
744,2859 428,6147
746,733 428,4919
749,1653 428,3154
751,4498 428,1634
753,6358 427,9541
755,7529 427,731
757,8586 427,5982
759,8191 427,4504
761,7275 427,2797
763,6026 427,1119
765,3998 426,8802
767,072 426,7521
768,6046 426,6108
770,2214 426,5211
771,6017 426,3953
773,0339 426,3042
774,3411 426,1647
775,5638 426,0339
776,7297 425,8936
777,8632 425,7266
778,9133 425,6475
779,8522 425,5153
780,7901 425,4749
781,64 425,3709
782,4105 425,2922
783,1584 425,2155
783,7912 425,1064
784,3923 425,0769
784,9274 425,0001
785,364 424,9265
785,7305 424,8965
786,0769 424,8127
786,3263 424,7847
786,5332 424,7774
786,6592 424,8058
786,7078 424,771
786,7656 424,7466
786,7658 424,7454
786,7659 424,7452
786,7671 424,7433
786,6447 424,846

#9
45 382
48,90794 383,2663
52,88676 384,5384
56,91623 385,7457
61,02692 387,0306
65,25863 388,3063
69,51721 389,5822
73,93492 390,8873
78,39422 392,235
83,00542 393,5288
87,55589 394,9352
92,3583 396,331
97,18986 397,6389
102,228 398,9577
107,2208 400,3543
112,3385 401,6367
117,5155 403,0583
122,7702 404,3923
128,1627 405,7459
133,6897 407,182
139,379 408,5104
145,0404 409,9212
150,7916 411,2773
156,6387 412,6029
162,5522 413,8179
168,5232 415,1739
174,6067 416,4434
180,7435 417,6513
186,9734 418,94
193,3018 420,2998
199,7022 421,5763
206,2532 422,9148
212,7724 424,2564
219,4216 425,5376
226,1077 426,7098
232,7585 427,9095
239,4969 429,1275
246,3092 430,2687
253,1373 431,3239
260,014 432,3942
266,9642 433,4018
273,8988 434,3613
280,9614 435,3626
287,9525 436,3361
294,9793 437,4028
302,0498 438,3733
309,1044 439,3158
316,1228 440,1305
323,2237 440,8287
330,2093 441,5867
337,2201 442,3246
344,2215 443,045
351,2383 443,7197
358,225 444,3138
365,1475 444,9053
372,1683 445,5071
378,9211 446,209
385,7838 446,7353
392,5251 447,3179
399,3127 447,8416
405,9181 448,4335
412,5735 448,8608
419,1123 449,3561
425,4757 449,7143
431,9989 450,2686
438,2467 450,6272
444,5088 451,0819
450,6234 451,5013
456,7061 451,8578
462,7786 452,2377
468,7051 452,5775
474,5073 452,9984
480,3525 453,3838
485,9764 453,5938
491,5305 453,963
496,9693 454,2465
502,3707 454,3775
507,5985 454,5477
512,7853 454,7097
517,8822 454,8427
522,8943 455,0287
527,8168 455,2278
532,5441 455,3348
537,2339 455,3784
541,7168 455,5176
546,2235 455,4967
550,4976 455,5539
554,78 455,5843
558,7814 455,6431
562,8066 455,6828
566,6971 455,6966
570,4564 455,7735
574,1925 455,7578
577,7501 455,7102
581,2457 455,6329
584,5741 455,6172
587,7706 455,5872
590,9464 455,5411
593,939 455,5947
596,8266 455,5795
599,6141 455,5295
602,3165 455,4492
604,8699 455,4433
607,375 455,3449
609,7635 455,3857
612,0702 455,3038
614,2462 455,347
616,2758 455,279
618,3233 455,1603
620,2241 455,1302
621,9521 454,9954
623,6927 454,9711
625,3615 454,9422

#10
16 377
19,3781 378,231
22,77587 379,4725
26,2994 380,6984
29,8512 381,9713
33,48586 383,28
37,21222 384,5127
40,92235 385,8018
44,80648 387,2076
48,71417 388,492
52,706 389,8427
56,86108 391,2962
61,12695 392,6412
65,44383 394,0008
69,76424 395,3842
74,2347 396,7145
78,69523 398,1488
83,38322 399,5511
88,08466 400,9359
92,82973 402,4279
97,72801 403,8226
102,6848 405,2685
107,7511 406,614
112,8991 408,0854
118,1109 409,4423
123,4206 410,8269
128,7637 412,2855
134,2593 413,6649
139,7543 415,0776
145,4417 416,4801
151,1619 417,8557
157,0139 419,2908
162,8941 420,5783
168,9416 421,9219
175,1398 423,312
181,275 424,6039
187,5955 425,9284
194,0506 427,3262
200,4242 428,5618
206,9343 429,8469
213,4505 431,0317
220,1036 432,178
226,6739 433,2813
233,3939 434,423
240,1917 435,4836
247,0681 436,592
253,8188 437,5993
260,7523 438,6632
267,5749 439,6015
274,4975 440,5853
281,2938 441,4187
288,2591 442,2702
295,1608 443,1467
302,1346 443,9206
308,9914 444,6641
315,8931 445,4244
322,7704 446,1704
329,6833 446,7741
336,5598 447,4193
343,3913 448,05
350,1854 448,6566
356,9615 449,2753
363,6461 449,7399
370,3065 450,3121
376,8715 450,82
383,3348 451,1602
389,8433 451,6758
396,3305 452,2868
402,5398 452,611
408,7751 452,9684
415,0623 453,3767
421,2174 453,7637
427,2557 454,199
433,1964 454,5974
439,1643 454,9453
444,8546 455,2302
450,5888 455,5305
456,1888 455,7344
461,639 456,0129
467,0346 456,1702
472,2584 456,3029
477,5189 456,4832
482,6641 456,7003
487,6506 456,8537
492,5727 456,9488
497,3426 457,0917
501,9792 457,1981
506,533 457,3769
510,9256 457,517
515,3141 457,6567
519,5461 457,7378
523,7184 457,8539
527,7321 457,8902
531,6341 457,906
535,3793 457,8967
539,1601 457,908
542,6924 457,9147
546,0786 457,9402
549,4361 457,9454
552,6462 457,9482
555,6488 457,9516
558,6304 457,9523
561,4979 457,9584
564,2509 457,9148
566,869 457,9008
569,4036 457,8944
571,8666 457,8805
574,2294 457,8911
576,4448 457,859
578,5146 457,8503
580,5425 457,8209
582,5571 457,8029
584,4049 457,7722
586,2538 457,7516
587,8694 457,7126
589,5277 457,687

#11
13 366
15,69286 366,6776
18,45108 367,4391
21,18785 368,1646
24,02997 368,827
26,75484 369,5812
29,69945 370,362
32,49172 371,1177
35,3618 371,852
38,33628 372,6628
41,34137 373,5248
44,39959 374,3853
47,37278 375,3356
50,46568 376,2281
53,55816 377,1605
56,61195 378,0714
59,79197 378,9892
63,15394 379,9209
66,35457 380,9318
69,58249 381,9722
72,93947 382,9456
76,30801 384,0928
79,7015 385,0505
83,14224 386,1185
86,60272 387,0774
90,08631 388,1367
93,62626 389,1676
97,20445 390,216
100,7878 391,2168
104,3761 392,2664
108,0004 393,2682
111,5907 394,2585
115,2196 395,3395
118,9288 396,3171
122,6312 397,3979
126,4076 398,4255
130,1656 399,5743
134,0413 400,609
137,9213 401,7257
141,8419 402,8736
145,7746 403,9758
149,7095 405,0732
153,7046 406,1079
157,6009 407,1448
161,548 408,2181
165,5594 409,1541
169,4846 410,2019
173,5319 411,1575
177,5771 412,1742
181,5876 413,1956
185,6068 414,3124
189,8633 415,3689
194,1202 416,5019
198,3018 417,6107
202,5706 418,712
206,824 419,7622
211,045 420,8649
215,3714 421,7964
219,5462 422,7776
223,7747 423,7077
227,9736 424,638
232,223 425,5494
236,4241 426,458
240,5793 427,3347
244,7499 428,2054
249,0674 428,9774
253,1985 429,8013
257,3826 430,6046
261,4595 431,4217
265,5684 432,1813
269,6913 432,9249
273,7261 433,6749
277,7768 434,492
281,8421 435,3289
285,762 436,064
289,7269 436,7333
293,7016 437,3737
297,5618 437,978
301,3956 438,4836
305,1703 438,9613
308,8182 439,4555
312,5191 439,9089
316,1361 440,4508
319,6812 440,856
323,2209 441,4056
326,6862 441,7652
330,1118 442,3129
333,4767 442,6479
336,7233 443,1037
339,9369 443,5523
343,1292 443,929
346,2077 444,3135
349,277 444,588
352,3033 444,9044
355,1728 445,2669
358,0453 445,5027
360,8065 445,8337
363,632 446,1221
366,3887 446,4552
369,1389 446,6813
371,6753 447,0164
374,3737 447,2419
376,9432 447,4679
379,5 447,6628
382,0852 447,9384
384,5763 448,1665
387,1031 448,4221
389,5642 448,6754
392,0036 448,9215
394,4683 449,1494
396,8788 449,3585
399,3074 449,5666
401,6484 449,6689
404,0574 449,9166
406,3368 450,1383
408,6016 450,2856
410,8478 450,4542
413,3682 450,6723
415,6444 450,8611
417,9287 451,0338
420,2309 451,2467
422,4706 451,3444
424,6884 451,5706
426,9629 451,7681
429,2143 451,9515
431,4379 452,1647
433,558 452,3617
435,7371 452,5135
437,9557 452,6723
440,2039 452,7592
442,3607 452,9703
444,4466 453,0782
446,5868 453,2151
448,6877 453,2737
450,7872 453,4621
452,8633 453,558
454,945 453,7306
456,9682 453,9041
458,9982 454,0762
461,0004 454,204
463,0243 454,4226
464,9282 454,5495
466,9445 454,6321
468,7933 454,823
470,7519 454,9965
472,75 455,07

#12
21 350
23,71496 350,584
26,5213 351,2859
29,30856 351,8582
32,14382 352,5208
35,10012 353,2278
37,93677 353,8807
40,8856 354,5998
43,9859 355,2948
47,01468 355,9734
49,97563 356,7021
53,15136 357,481
56,17522 358,2435
59,40031 359,0872
62,5736 359,7864
65,71799 360,6333
69,02612 361,4455
72,33067 362,2812
75,5927 363,089
78,82409 363,873
82,1377 364,7037
85,46338 365,5014
88,8814 366,3563
92,38835 367,1838
95,80626 367,9762
99,33508 368,8091
102,7884 369,5708
106,3257 370,3433
109,7417 371,1625
113,1677 372,0279
116,6817 372,8655
120,2348 373,718
123,8076 374,6216
127,4908 375,4774
131,2516 376,364
134,9759 377,221
138,691 378,1298
142,4693 378,9803
146,2001 379,7615
149,8979 380,628
153,7318 381,465
157,6146 382,2667
161,4482 383,0351
165,3194 383,7942
169,2162 384,5745
173,06 385,3834
176,9274 386,2767
180,8822 387,175
184,8675 388,0475
188,9733 388,8969
192,8991 389,8932
196,9949 390,7654
200,9802 391,5564
205,032 392,4247
208,9847 393,2569
212,9148 394,0686
216,8469 394,7768
220,8721 395,4798
224,8295 396,3184
228,7456 397,0668
232,7015 397,7447
236,6621 398,4842
240,6255 399,2202
244,4606 399,9862
248,418 400,6599
252,2925 401,2703
256,1112 401,9487
259,9197 402,5692
263,7014 403,2682
267,5276 403,9157
271,3168 404,5603
275,0042 405,1269
278,6515 405,6736
282,2577 406,267
285,7824 406,7434
289,3362 407,2883
292,8305 407,7159
296,3084 408,2117
299,64 408,5841
303,1096 409,028
306,3658 409,4734
309,6133 409,9103
312,8933 410,3773
316,0296 410,7304
319,1828 411,1965
322,1635 411,5511
325,156 411,9474
328,0616 412,3471
330,8684 412,6761
333,709 413,0064
336,5042 413,395
339,1904 413,6741
341,812 413,9978
344,4933 414,3172
346,9833 414,5442
349,5348 414,8852
352,0781 415,1438
354,6032 415,4291
357,1064 415,6655
359,4638 415,9521
361,8333 416,2242
364,2792 416,4269
366,6143 416,6426
369,048 416,9772
371,3976 417,243
373,6878 417,4611
376,0256 417,6319
378,3497 417,9334
380,629 418,1761
383,0722 418,1551
385,5168 417,7356
387,7602 417,5543
389,2424 418,3525
391,4406 418,4044
393,663 418,481
395,8252 418,5014
397,838 418,3372
399,9818 418,1077
402,0831 418,0754
403,8464 417,7042
405,6305 416,6163
408,3001 413,3933
410,0504 413,4766
412,057 413,6854
414,2041 413,9071
416,2312 414,0225
418,2224 414,1951
420,2437 414,3034
422,2706 414,4583
424,2506 414,6489
426,2963 414,7708
428,2313 414,97
430,0309 415,0858
431,9974 415,1962
433,9297 415,3401
435,7589 415,4633
437,676 415,5656
439,5456 415,7283
441,3528 415,787
443,2903 416,026
444,983 416,0739
446,8403 416,2409
448,6281 416,2926
450,433 416,3308
452,3619 416,55
454,1679 416,639
455,9637 416,7008
457,8201 416,7859
459,6907 416,9068
461,6031 417,0443
463,44 417,0994
465,3367 417,1825
467,1924 417,2429
469,1147 417,3326
471,0426 417,4273
472,942 417,4584
474,8985 417,5025
476,7339 417,5902
478,7635 417,6777
480,7248 417,7607
482,6954 417,8835

#13
17 353
19,66475 353,6119
22,44193 354,2908
25,22506 354,9352
27,96384 355,5752
30,8367 356,2739
33,74092 356,9465
36,59445 357,6627
39,58082 358,4334
42,66765 359,1142
45,70005 359,8062
48,70779 360,6093
51,87202 361,3957
54,96379 362,1851
58,20671 363,0361
61,40454 363,762
64,55952 364,6223
67,86263 365,4582
71,20888 366,308
74,49925 367,1279
77,74476 367,9312
81,07257 368,773
84,43006 369,5801
87,8552 370,4582
91,37137 371,3004
94,80222 372,134
98,36371 372,9567
101,8528 373,6949
105,4187 374,4796
108,8626 375,3297
112,2739 376,2425
115,8327 377,1194
119,3871 377,9722
122,9693 378,8594
126,6333 379,7254
130,3859 380,6059
134,1427 381,4889
137,8344 382,4423
141,5988 383,3415
145,3684 384,1734
149,1132 385,0301
152,9078 385,8642
156,7423 386,6526
160,6012 387,4617
164,524 388,2721
168,4533 389,037
172,3134 389,8147
176,2154 390,7292
180,1988 391,6339
184,1659 392,557
188,2531 393,4681
192,2084 394,4777
196,3056 395,3722
200,3233 396,1921
204,4072 397,058
208,3568 397,8803
212,3182 398,7278
216,2655 399,5047
220,3168 400,243
224,3105 401,1098
228,2028 401,8751
232,1948 402,609
236,1739 403,3696
240,1618 404,1395
243,9849 404,9117
247,9577 405,6094
251,8674 406,2357
255,7192 406,9209
259,5814 407,593
263,3895 408,3275
267,2452 409,0168
271,0333 409,6616
274,7375 410,2927
278,4528 410,8558
282,0765 411,468
285,633 412,0129
289,2018 412,5298
292,7337 413,0206
296,2367 413,5026
299,5949 413,9529
303,0245 414,3852
306,3478 414,859
309,5792 415,3382
312,9099 415,7622
316,0673 416,238
319,2287 416,6376
322,2422 417,0612
325,2242 417,4795
328,1881 417,8427
330,9826 418,2331
333,8659 418,5529
336,6792 418,9232
339,3769 419,2866
342,0487 419,5756
344,7305 419,8754
347,2759 420,2044
349,8033 420,5216
352,4093 420,7495
354,9332 421,0966
357,4373 421,3525
359,8287 421,6204
362,3145 421,8882
364,7173 422,1207
367,1269 422,3889
369,5164 422,6854
371,8745 422,9411
374,228 423,2162
376,5505 423,4374
378,8462 423,7004
381,2319 423,9576
383,4888 424,0215
385,9416 423,9896
388,2158 424,3058
390,2785 424,4496
392,5117 424,4874
394,766 424,6155
397,1589 424,7235
399,4047 424,7757
401,6396 424,7342
403,9955 424,5436
406,1652 424,6602
408,2194 424,8099
410,4148 425,0274
412,5178 425,2156
414,6384 425,4403
416,7183 425,5789
418,8389 425,7434
420,9379 425,9411

#14
830 373
824,9884 373,4393
819,9009 373,784
814,7248 374,2453
809,4816 374,65
804,0457 375,041
798,5488 375,4738
792,9562 375,8636
787,249 376,3466
781,4749 376,7736
775,5757 377,226
769,5214 377,555
763,4089 377,8867
757,2029 378,2648
750,9029 378,5512
744,4272 378,8927
737,928 379,2729
731,3089 379,6053
724,5507 379,9519
717,6253 380,3621
710,6311 380,6238
703,5246 380,9193
696,3859 381,2266
689,0994 381,4307
681,7328 381,6564
674,2247 381,9072
666,6226 382,2338
658,9728 382,4091
651,184 382,6085
643,3511 382,8268
635,3822 383,0183
627,3707 383,2276
619,3251 383,3323
611,177 383,3918
603,0027 383,4186
594,7372 383,5133
586,3546 383,615
577,9801 383,6642
569,5228 383,6933
560,9937 383,7304
552,5167 383,6152
543,9551 383,5483
535,3397 383,4567
526,8364 383,3042
518,2559 383,1924
509,6891 382,9758
501,1194 382,7798
492,4619 382,65
483,8169 382,5102
475,3363 382,3102
466,7414 382,1026
458,2498 381,8593
449,8241 381,5627
441,4442 381,3529
433,0568 381,1055
424,6839 380,7948
416,3376 380,6351
408,1548 380,338
399,867 379,9498
391,8737 379,4954
383,7618 379,1912
375,8022 378,6561
367,8376 378,3132
360,1342 377,7713
352,3975 377,3731
345,0102 376,8232
337,582 376,3692
330,2789 375,7589
322,8434 375,2977
315,6029 374,717
308,527 374,0941
301,7291 373,4028
294,6578 372,8615
287,8462 372,3658
281,075 371,7262
274,3113 371,2343
267,7015 370,5718
261,2738 369,9578
254,7756 369,3775
248,4489 368,7608
242,2896 368,1351
236,2211 367,456
230,1843 366,8869
224,3024 366,2958
218,6764 365,546
213,091 364,7409
207,6592 364,113
202,3003 363,4822
197,0381 362,7096
191,8758 362,1262
186,6832 361,5282
181,6385 360,9334

#15
841 378
836,5283 378,5276
831,9031 378,9931
827,1598 379,4408
822,3664 379,8758
817,5045 380,3635
812,5386 380,8666
807,5173 381,3795
802,3809 381,8123
797,1967 382,3132
791,7986 382,7616
786,4314 383,2612
780,8863 383,7146
775,3018 384,2179
769,5001 384,6421
763,6227 385,0845
757,6466 385,5003
751,588 385,8843
745,4681 386,3393
739,2289 386,7539
732,834 387,1837
726,4366 387,5714
719,851 388,0021
713,2823 388,3863
706,5895 388,7415
699,77 389,2035
692,8725 389,545
685,8536 389,8974
678,7908 390,3152
671,5833 390,6238
664,3495 390,9673
657,0161 391,3031
649,4666 391,6084
641,9913 391,8852
634,3562 392,2639
626,6324 392,5258
618,8319 392,7045
610,955 392,9265
602,9993 393,1124
595,0354 393,2285
586,9473 393,4143
578,7816 393,5685
570,5729 393,695
562,3212 393,8714
554,038 394,004
545,6445 394,1345
537,3231 394,1787
528,8623 394,2128
520,4502 394,1465
511,9859 394,1375
503,4761 394,0652
495,0389 394,0301
486,5222 394,0166
478,0122 393,9478
469,566 393,906
461,1771 393,8169
452,7387 393,7018
444,3171 393,5899
435,8616 393,4723
427,6338 393,2967
419,3769 393,0301
411,1986 392,6974
403,0724 392,4591
394,9308 392,0867
386,9537 391,6821
379,0133 391,3235
371,2102 390,803
363,3803 390,4339
355,5611 389,9339
347,9213 389,5113
340,3909 389,057
332,7519 388,6826
325,292 388,3524
317,9223 387,8513
310,7055 387,3026
303,5415 386,7275
296,498 386,1684
289,5772 385,5115
282,6194 384,9396
275,8416 384,3391
269,2127 383,6557
262,5745 383,0388
256,1125 382,3893
249,6575 381,7252
243,4101 381,0457
237,2739 380,3434
231,1875 379,6004
225,1712 378,9456
219,308 378,2089
213,5266 377,4328
207,8612 376,713
202,3105 375,9565
196,8073 375,1932
191,4454 374,3674
186,1951 373,6025
181,0116 372,9089
175,973 372,1446
171,128 371,4179
166,2249 370,721
161,4299 370,0168
156,7852 369,3247
152,2561 368,5226
147,7722 367,7813
143,3851 367,1284
139,039 366,3907
134,8476 365,5324
130,7308 364,7785
126,692 364,2043
122,7195 363,4622
118,9427 362,7215
115,1981 362,0634
111,4787 361,4075
107,8916 360,7175
104,4281 359,9287
101,0638 359,2329
97,68015 358,4669
94,37115 357,7704
91,14857 357,141
88,01134 356,3708
84,88731 355,644
81,8659 354,9193

#16
847 376
842,4935 376,5543
837,8887 377,0866
833,2157 377,6003
828,3686 378,1432
823,5447 378,6509
818,5536 379,2052
813,4387 379,6398
808,2247 380,1275
802,91 380,5156
797,5485 381,0344
791,979 381,4721
786,3311 381,9576
780,5783 382,3844
774,7048 382,8566
768,7875 383,3393
762,7136 383,7223
756,593 384,1809
750,319 384,5746
743,9058 385,0064
737,4699 385,4078
730,8528 385,7398
724,273 386,1766
717,4554 386,5148
710,5652 386,8739
703,5748 387,2876
696,4541 387,5958
689,2487 387,9293
681,9661 388,2887
674,5832 388,5403
667,0728 388,8326
659,524 389,1329
651,8243 389,3725
644,117 389,5945
636,2791 389,8084
628,3495 390,0708
620,3532 390,242
612,3305 390,3776
604,2289 390,4956
596,0436 390,5953
587,7532 390,7352
579,4583 390,8475
571,0965 390,9662
562,6252 391,0031
554,1744 391,0019
545,6279 391,0095
537,1453 390,9031
528,5607 390,8017
520,0042 390,6541
511,4494 390,5471
502,8978 390,4169
494,3316 390,2722
485,7565 390,1055
477,243 389,8696
468,6772 389,6799
460,2133 389,489
451,6024 389,3142
443,2491 389,0185
434,8117 388,6754
426,4567 388,4307
418,1664 388,1479
409,8542 387,7225
401,6723 387,3709
393,5973 386,8568
385,5543 386,3984
377,5305 385,9774
369,533 385,5562
361,6039 385,1767
353,8181 384,67
346,1178 384,2671
338,4808 383,7695
330,9107 383,3857
323,4696 382,8344
316,0743 382,3735
308,8777 381,7112
301,7525 381,1503
294,6393 380,5393
287,7375 379,8745
280,8471 379,3251
274,1389 378,6384
267,465 378,0218
260,8038 377,455
254,3645 376,7719
247,9974 376,1476
241,7179 375,4384
235,5097 374,7824
229,424 374,1472
223,4916 373,4106
217,7019 372,689
211,8903 372,0294
206,3022 371,3105
200,7599 370,4858
195,3954 369,7364
190,0479 369,1564
184,8417 368,3977
179,8589 367,6522
174,8085 367,0089
169,8765 366,3728
165,1457 365,6527
160,5206 364,8761
155,9333 364,2126
151,3903 363,5473
146,9139 362,8443
142,6487 362,0807
138,4608 361,3649
134,29 360,7943
130,1996 360,1783
126,3303 359,479
122,4778 358,7777
118,7379 358,1529
115,1674 357,4818

#17
857 376
852,6635 376,4867
848,2831 376,9678
843,7306 377,4028
839,2609 377,881
834,6583 378,411
829,9539 378,7735
825,243 379,3097
820,3712 379,7332
815,4217 380,1752
810,4316 380,5803
805,307 381,0741
800,1682 381,4164
794,8171 381,8168
789,4794 382,2756
784,0751 382,6537
778,5334 383,2262
772,9343 383,5543
767,2436 384,0852
761,4673 384,4521
755,5782 384,9167
749,5566 385,4003
743,4422 385,785
737,296 386,3179
731,0472 386,655
724,694 387,1377
718,2516 387,4753
711,6497 387,8422
705,0229 388,2462
698,326 388,5144
691,5109 388,8668
684,5873 389,2326
677,583 389,5014
670,5333 389,751
663,3967 390,0883
656,11 390,3716
648,725 390,5864
641,3013 390,8304
633,7378 391,1245
626,1805 391,3456
618,4429 391,5062
610,6061 391,6451
602,7386 391,7219
594,8193 391,8847
586,8336 392,0025
578,7946 392,1486
570,676 392,2059
562,4995 392,209
554,3243 392,2251
546,0221 392,195
537,7004 392,2378
529,481 392,2409
521,1738 392,2539
512,8197 392,3236
504,398 392,3592
495,9638 392,3176
487,5214 392,3238
479,1065 392,3698
470,5783 392,3017
462,0482 392,2672
453,579 392,1712
445,1877 392,0733
436,759 391,8534
428,3789 391,6527
420,061 391,4253
411,7911 391,1479
403,6902 390,687
395,6076 390,3358
387,647 389,8178
379,7929 389,4296
372,1556 388,848
364,5096 388,3871
356,9286 387,8548
349,4021 387,4244
341,8394 386,8205
334,4534 386,3035
327,185 385,5928
319,9732 384,885
314,189 384,317
307,2569 383,5052
300,4667 382,7334
293,7278 382,1015
287,182 381,3584
280,7237 380,5525
274,387 379,6645
268,1315 378,8577
261,7551 378,0007
255,6444 377,1633
249,7334 376,2851
243,7772 375,3622
238,0402 374,4774
232,2472 373,5285
226,6317 372,6803
221,1691 371,8584
215,6741 371,0649
210,3872 370,3051
205,2122 369,4229
200,0607 368,5442
195,0084 367,6532
190,118 366,845
185,0342 366,1074
180,1341 365,291
175,3773 364,4672
170,707 363,6025
166,0563 362,7717
161,3775 362,1557
156,7325 361,4211

#18
859 370
854,6747 370,4324
850,2823 370,9082
845,805 371,32
841,195 371,8163
836,5036 372,2103
831,7108 372,552
826,857 372,9586
822,1155 373,2967
817,0326 373,6567
812,0601 373,8789
807,1961 374,2081
802,1481 374,4828
796,9272 374,8074
791,7976 375,1829
786,4871 375,4986
781,0197 375,8605
775,442 376,1799
769,7575 376,3969
764,2343 376,5328
758,6028 376,654
752,6497 376,808
746,7198 376,9694
740,5087 377,2092
734,2838 377,4071
727,7639 377,612
721,211 377,8976
714,6243 378,1793
708,3062 378,2305
701,4233 378,4546
694,5123 378,6419
687,4453 378,877
680,3129 379,177
672,9119 379,3961
665,6003 379,5356
658,025 379,7133
650,4462 379,9083
642,7811 380,1059
635,1046 380,2098
627,3488 380,31
619,4244 380,4358
611,7115 380,435
603,6805 380,4115
595,3401 380,5205
587,0752 380,5646
578,6528 380,609
570,3353 380,6493
561,9468 380,6554
553,632 380,631
545,3687 380,6037
536,9725 380,5934
528,8358 380,4204
520,5456 380,3232
512,1429 380,2069
503,5718 380,0717
495,0745 379,911
486,5288 379,7614
477,7764 379,6715
469,1462 379,5153
460,5137 379,3329
451,9532 379,0106
443,6716 378,6641
435,3906 378,3834
427,4705 377,9377
419,2846 377,5907
411,3566 377,2538
403,613 376,7934
395,9529 376,3619
389,3477 375,6696
383,2937 375,1801
377,2619 374,5609
371,6515 373,9814
366,449 373,4548
362,4199 372,9936
357,9295 372,5418
354,0896 372,2206
351,7827 371,9483
349,9032 371,8528
347,8188 371,9002
340,8019 371,4949
339,6826 371,6169
338,064 371,7816
330,6404 371,1848
323,7613 370,5884
316,8144 370,0345
309,863 369,4256
303,0478 368,7295
298,9389 368,595
298,1985 369,2792
291,9814 368,3839
287,1857 368,1536
280,7996 367,5789
274,51 367,0075
268,097 366,5431
262,0163 365,7592
255,8182 365,0001
249,8141 364,2762
243,8707 363,5707
238,0314 362,9045
232,3805 362,4121
226,783 361,5938
221,3621 360,9872
215,8017 360,4475
210,3053 359,7318
204,9414 359,0741
199,673 358,2697
194,5379 357,4964
189,3616 356,9013
184,4041 356,3245
179,4726 355,6827
174,6005 355,1102
169,8414 354,3668
165,2835 353,5456
160,7144 352,6153
156,38 351,7583
151,9036 350,9354
147,458 350,3026
143,2777 349,5609
139,1879 348,899
134,9856 348,3352
130,9531 347,6109
126,9119 347,0652
123,1334 346,5154
119,4678 345,9938
115,7826 345,4783
112,3137 344,8115
108,6729 344,2906
105,2082 343,6394

#19
857 377
852,6588 377,5439
848,3022 378,0933
843,7092 378,5629
839,1343 379,1304
834,4024 379,5439
829,626 379,9972
824,7404 380,4912
819,7852 380,9567
814,764 381,4218
809,6027 381,8285
804,4246 382,3118
799,1542 382,7742
793,7444 383,2794
788,288 383,7578
782,7149 384,322
777,0626 384,793
771,3499 385,3721
765,4792 385,8214
759,5311 386,3554
753,4572 386,7505
747,3438 387,2391
741,0524 387,7473
734,6656 388,2192
728,2203 388,5997
721,5643 389,0092
714,9457 389,4355
708,2194 389,8049
701,3062 390,2185
694,2835 390,5677
687,2296 390,8929
680,0818 391,249
672,7777 391,5499
665,4138 391,8655
657,8583 392,192
650,4015 392,4603
642,686 392,6636
635,0145 392,881
627,2118 393,1193
619,3663 393,317
611,4247 393,4514
603,4286 393,6094
595,3331 393,7699
587,1717 393,9494
578,8947 394,0393
570,6175 394,2
562,2791 394,2773
553,8153 394,2854
545,3097 394,2688
536,7895 394,2183
528,3135 394,1325
519,6932 394,0121
511,0685 393,8457
502,3699 393,6931
493,6534 393,5807
484,9827 393,4646
476,2851 393,3423
467,583 393,2298
458,8617 393,0226
450,2169 392,7712
441,6242 392,5295
433,0187 392,1246
424,4363 391,8012
415,8882 391,4781
407,4063 391,0592
399,1169 390,5766
390,6702 390,1658
382,3859 389,7031
374,0392 389,3062
365,8655 388,7418
357,7651 388,2751
349,6983 387,7301
341,7437 387,2624
333,8433 386,6774
326,0986 386,0921
318,3743 385,4257
310,7121 384,8066
303,2765 384,2262
295,8597 383,5185
288,5974 382,839
281,3596 382,1787
274,2169 381,4901
267,279 380,7668
260,3565 380,1056
253,5025 379,422
246,7435 378,7436
240,1659 378,0118
233,6031 377,3136
227,2524 376,5595
220,8914 375,7708
214,7022 375,0723
208,6928 374,2937
202,7241 373,5093
196,9412 372,7034
191,2053 371,9122
185,5441 371,1544
180,0378 370,4027
174,6098 369,5877
169,3395 368,8196
164,0923 368,0349
158,954 367,3
153,9904 366,4588

#20
854 371
849,3801 371,5051
844,6353 372,056
839,7809 372,5158
834,919 372,9609
829,9269 373,4681
824,7838 373,9526
819,5863 374,4573
814,342 374,9826
808,908 375,4785
803,4409 375,9355
797,7763 376,4609
792,1155 376,8841
786,3156 377,3714
780,357 377,7633
774,4294 378,2187
768,2559 378,6257
762,0511 379,0517
755,6987 379,4667
749,2903 379,8542
742,7308 380,3141
736,0406 380,664
729,26 380,994
722,4028 381,403
715,4083 381,7137
708,2661 382,0717
701,1133 382,3864
693,7872 382,6281
686,3416 382,9278
678,8253 383,2034
671,2963 383,4162
663,602 383,6644
655,7611 383,8831
647,8582 384,1139
639,9789 384,2704
631,9307 384,4174
623,7529 384,5357
615,5628 384,6392
607,2634 384,761
598,9538 384,8052
590,5468 384,8828
582,1001 384,8969
573,5372 384,8849
564,9175 384,8495
556,3333 384,82
547,5902 384,7825
538,8948 384,7303
530,1838 384,6514
521,4296 384,5277
512,5458 384,4257
503,6902 384,2556
494,9207 384,051
486,1302 383,7991
477,3541 383,6289
468,4784 383,4537
459,7499 383,2569
451,1898 382,7895
442,4926 382,5147
433,8957 382,2135
425,323 381,8168
416,7584 381,5055
408,2175 381,1852
399,7529 380,6921
391,3362 380,3075
383,0624 379,7137
374,7574 379,2658
366,5359 378,7796
358,4429 378,323
350,4689 377,7435
342,6013 377,1831
334,7086 376,564
326,9832 376,0233
319,3136 375,4679
311,6956 374,8587
304,4022 374,2618
297,1 373,5916
289,8546 373,0584
282,7509 372,4311
275,6724 371,7726
268,7025 371,1596
261,923 370,4661
255,1569 369,8006
248,5299 369,2034
242,0891 368,4414
235,7553 367,7579
229,49 367,1669
223,3084 366,4232
217,2929 365,6701
211,3812 364,9264
205,5318 364,2328
199,7813 363,5212
194,1803 362,78
188,6622 362,1184
183,275 361,3792
178 360,6546
172,7203 359,9349
167,6513 359,1886
162,6068 358,4633
157,6039 357,7046
152,6802 357,0244
147,9474 356,3527
143,2181 355,6089
138,5374 354,9815
134,0671 354,2549
129,7167 353,4858
125,5486 352,7209

