#1
482 300
482,5743 300,0977
483,1843 300,1895
483,8992 300,2505
484,7568 300,2027
485,65 300,1275
486,5016 300,0136
487,2301 299,8055
487,8913 299,7614
488,6452 299,6669
489,4031 299,6794
490,203 299,6967
490,9062 299,6681
491,624 299,7223
492,4972 299,9034
493,3203 299,9892
494,2402 300,1294
495,2557 300,2128
496,2749 300,1407
497,0537 300,0459
497,813 299,9853
498,6954 299,8557
499,424 299,7346
500,2252 299,6455
500,9072 299,5738
501,6237 299,6022
502,5442 299,7208
503,3687 299,8808
504,2865 300,0071
505,1805 300,1087
506,0627 300,1075
507,1511 300,0291
508,0414 300,0771
508,7489 299,8746
509,5389 299,7246
510,3386 299,6236
511,2291 299,5679
512,0694 299,615
512,7744 299,6669
513,6341 299,7646
514,3859 299,7827
515,4017 300,1073
516,3731 300,2503
517,4568 300,3564
518,4578 300,4123
519,5107 300,4119
520,5768 300,25
521,4689 300,2194
522,2836 300,0952
523,1007 300,0665
523,7551 300,003
524,5148 300,0407
525,4094 300,168
526,2158 300,1989
527,1526 300,1766
528,0502 300,3714
529,0477 300,403
530,0189 300,4331
531,0231 300,444
531,8647 300,3542
532,6666 300,2927
533,6116 300,0814
534,1445 300,1304
534,7435 300,1017
535,3904 300,1146
535,8982 300,0577
536,519 300,0384
537,1837 300,0182
537,5762 299,9426
538,0336 299,8286
538,4201 299,7218
538,8091 299,6244
538,9013 299,6057
538,9061 299,617
538,8868 299,6183
538,9053 299,619
538,9206 299,6138
538,92 299,6064
538,9307 299,609
538,9445 299,5995
538,9488 299,596
538,9538 299,5984

#2
492 311
492,9669 310,9538
493,865 310,9544
494,8193 310,914
495,5801 310,6454
496,3163 310,5483
496,9575 310,649
497,6989 310,5629
498,695 310,4903
499,7985 310,4418
501,1026 310,2986
502,2303 310,3773
503,3381 310,5654
504,37 310,6172
505,222 310,6801
506,046 310,5828
506,8793 310,5072
507,8116 310,6552
508,8542 310,8553
509,7887 311,0984
510,777 311,268
511,8357 311,321
512,908 311,254
514,3167 311,3122
515,2601 311,4427
515,888 311,3318
516,6896 311,2102
517,5404 311,0838
518,5894 310,9487
519,509 310,9697
520,1543 310,6728
520,8168 310,5974
521,4921 310,5378
522,3386 310,6013
523,3287 310,5733
524,3937 310,5431
525,5536 310,4891
526,8439 310,7498
528,1763 310,8072
529,1676 311,095
530,0378 311,2952
530,8055 311,4454
531,5941 311,45
532,5255 311,6269
533,5589 311,7886
534,4016 311,8071
535,3951 312,0165
536,3777 312,1441
537,4523 312,2366
538,6338 312,295
539,5917 312,3038
540,3379 312,2515
541,3042 312,2686
542,3094 312,2021
543,1744 312,2256
544,0261 312,1343
544,6163 311,7314
545,2276 311,6543
545,8224 311,5547
546,5922 311,4951
547,3873 311,3557
548,3378 311,2614
549,485 311,2059
550,6608 311,3051
551,6492 311,4817
552,5454 311,5533
553,2655 311,5324
553,8507 311,5388
554,4412 311,3376
555,0912 311,2972
555,8209 311,229
556,5217 311,1564
557,3455 311,2209
558,2549 311,1716
559,1946 311,0962
560,207 311,1511
560,8599 311,1676
561,3881 311,0784
561,9453 310,9312
562,4654 310,8248
562,9618 310,8964
563,4296 310,8795
563,6497 310,7235

#3
478 307
478,5978 306,9423
479,3078 306,9098
480,2293 307,0157
481,1365 307,1689
481,9036 307,344
482,6609 307,4639
483,6448 307,4451
484,7415 307,3838
485,8719 307,2834
486,758 307,284
487,4836 307,2012
488,3059 307,1623
489,2246 307,0623
490,1051 307,0626
491,0002 307,0536
491,7291 306,8493
492,498 306,7852
493,2884 306,9263
494,0462 306,9181
495,0874 306,8713
496,2044 306,8819
497,4123 306,8558
498,4751 307,0264
499,5313 307,2233
500,5291 307,2613
501,3599 307,3057
502,2415 307,2797
503,0893 307,2637
503,9402 307,4101
504,9346 307,5802
505,8187 307,81
506,758 307,9947
507,7941 308,0554
508,8483 307,9776
510,2182 307,9732
511,1777 308,1648
511,8022 308,0608
512,5907 307,95
513,4442 307,8124
514,4657 307,7176
515,3678 307,7559
515,9545 307,5471
516,7042 307,5298
517,4117 307,4831
518,3147 307,6078
519,3146 307,6219
520,3763 307,6389
521,5154 307,6399
522,769 307,8683
524,0285 307,9581
524,9679 308,2632
525,8054 308,4247
526,6814 308,5883
527,5027 308,6299
528,4536 308,8796
529,4968 309,1812
530,3712 309,3454
531,38 309,538
532,3846 309,6587
533,4706 309,6953
534,666 309,8167
535,6523 309,9922
536,3888 309,9046
537,3261 310,0479
538,3075 309,8998
539,2015 310,1055
540,0548 309,9191
540,6427 309,6209
541,2823 309,4357
541,8915 309,3679
542,6386 309,3705
543,4182 309,2098
544,3541 309,1305
545,4656 309,1278
546,5886 309,3165
547,6344 309,4973
548,5614 309,5949
549,3217 309,6128
549,926 309,6617
550,4084 309,5174
550,8531 309,5269
551,4943 309,4047
551,9062 309,3663
552,4626 309,3714
553,0665 309,3505
553,5535 309,3597
553,9316 309,388
554,1848 309,3031
554,3377 309,2834

#4
516 304
515,114 303,972
514,2068 303,9688
513,2968 303,9119
512,4085 303,8582
511,5605 303,7901
510,6783 303,7721
509,9141 303,9111
509,1013 303,9725
508,2841 303,9537
507,3747 303,9717
506,3779 303,9538
505,4801 304,0734
504,5858 304,252
503,6777 304,3473
502,7903 304,4827
502,0123 304,6437
501,3175 304,6239
500,4815 304,7256
499,7339 304,648
499,0182 304,6156
498,2781 304,6243
497,5059 304,6061
496,6481 304,6994
495,6498 304,7657
494,6645 304,8268
493,8573 304,8037
493,1724 304,7827
492,3428 304,7022
491,5399 304,6327
490,8291 304,7104
490,0876 304,7074
489,3764 304,6659
488,6741 304,7728
487,9784 304,8515
487,1688 305,0266
486,4242 305,0695
485,5487 305,2032
484,7593 305,2254
483,9112 305,3076
483,2223 305,2593
482,4391 305,2585
481,674 305,2662
480,9514 305,2124
480,2281 305,1625
479,6665 305,2243
478,9698 305,3049
478,0445 305,2962
477,3907 305,3349
476,5774 305,3133
475,8783 305,2373
475,4258 305,3037

#5
518 305
517,109 305,0599
516,2001 305,0206
515,3169 304,938
514,4636 304,8406
513,5643 304,8516
512,7555 304,9786
511,893 304,9346
511,0857 304,8581
510,2091 304,865
509,221 304,8828
508,3066 304,9921
507,417 305,1721
506,5182 305,2395
505,62 305,3952
504,7879 305,5333
504,1168 305,5674
503,3034 305,6806
502,5544 305,5982
501,7839 305,5569
501,0532 305,6053
500,3372 305,6007
499,4941 305,7031
498,4966 305,7497
497,4911 305,7798
496,6364 305,7021
495,8932 305,644
495,093 305,5669
494,313 305,5025
493,5663 305,5813
492,7371 305,5742
492,0547 305,5074
491,3994 305,5793
490,6234 305,6507
489,764 305,7713
489,0649 305,8025
488,256 306,0013
487,4752 306,0352
486,5855 306,1051
485,8509 306,0157
485,1651 306,0028
484,4537 306,0792
483,7107 306,0461
483,0221 306,0316
482,5128 306,1145
481,808 306,1559
480,8659 306,1163
480,2711 306,1606
479,4599 306,1201
478,6283 306,1182
477,8869 306,2173
477,3954 306,2693
477,1229 306,3848
476,6236 306,3337
476,6421 306,377
476,8299 306,2599

#6
518 304
517,0996 303,9708
516,192 303,9955
515,2798 303,9438
514,3967 303,8808
513,5451 303,806
512,6533 303,7881
511,8808 303,9012
511,0582 303,9053
510,2357 303,8807
509,3134 303,9041
508,3054 303,8845
507,3975 303,9793
506,5015 304,1558
505,5938 304,2621
504,6936 304,4155
503,8797 304,5925
503,2006 304,5824
502,3784 304,6891
501,6212 304,6102
500,8535 304,5757
500,1288 304,6027
499,3882 304,6
498,5373 304,7005
497,5303 304,7404
496,5319 304,7587
495,6848 304,708
494,9726 304,6984
494,17 304,6115
493,3777 304,5233
492,6397 304,5944
491,8257 304,5747
491,1534 304,5124
490,4694 304,5991
489,6973 304,6769
488,8453 304,8333
488,1607 304,8807
487,3222 305,0602
486,5367 305,0982
485,6441 305,1761
484,9276 305,0977
484,2248 305,1353
483,4861 305,1866
482,73 305,1382
482,0342 305,1016
481,5071 305,1587
480,7757 305,2082
479,8178 305,17
479,2209 305,2312
478,4153 305,2023
477,6058 305,1756
476,9659 305,2625
476,4841 305,2755

#7
130 452
128,952 451,3315
127,9415 450,6692
126,9426 450,1983
125,9547 449,7554
125,0871 449,435
124,1521 449,1537
123,0885 448,7814
121,9703 448,4546
120,8272 448,095
119,6172 447,6349
118,4998 447,2282
117,3502 446,7379
116,2932 446,331
115,2743 445,8366
114,2906 445,4507
113,3615 445,1948
112,45 444,8589
111,5736 444,5758
110,7106 444,3462
109,7174 443,9227
108,6801 443,4923
107,6684 442,9765
106,7235 442,4298
105,8421 441,8311
104,9107 441,3197
104,0213 440,7109
103,0764 440,245
102,1947 439,7896
101,3061 439,4169
100,3886 439,1353
99,49146 438,852
98,50092 438,6448
97,46399 438,4278
96,41235 438,207
95,29968 437,7703
94,29268 437,444
93,32745 437,0105
92,32058 436,57
91,2869 436,2151
90,353 435,8806
89,44011 435,6774
88,64907 435,4539
88,05808 435,2954
87,50254 435,11
86,92114 434,7955
86,34422 434,5445
85,72179 434,3287
85,27695 434,1014
84,78126 433,7879
84,4408 433,5214
84,04697 433,2828
83,57568 433,1923
83,14527 433,1264
82,702 433,0052
82,33646 432,9413
81,92792 432,9022
81,48008 432,8172
80,87337 432,7502
80,23978 432,6952
79,54629 432,6658
78,97808 432,6069
78,37419 432,5405
77,75665 432,4329
77,28106 432,3759
76,81084 432,3622
76,48767 432,3633
76,17983 432,3323
75,91818 432,3187
75,65116 432,3023
75,39383 432,2803
75,04247 432,2336

#8
148 438
146,7888 437,6155
145,7008 437,2702
144,6176 436,7756
143,5863 436,2424
142,4579 435,681
141,3969 435,2897
140,368 434,8396
139,3197 434,4777
138,3005 434,1123
137,3312 433,746
136,2012 433,381
135,136 433,0001
134,12 432,5357
133,0792 432,0922
132,0309 431,5568
131,0518 430,968
129,821 430,4395
128,7794 429,8668
127,644 429,4323
126,6174 429,0098
125,5222 428,6803
124,5419 428,3894
123,4391 428,0454
122,5243 427,8572
121,4778 427,6025
120,4165 427,3099
119,2958 427,0996
118,2908 426,7219
117,0851 426,2755
115,9856 425,7711
115,0455 425,3312
113,8553 424,9159
112,8595 424,3297
111,8708 423,8726
111,0974 423,3904
110,139 423,0615
109,2689 422,7591
108,3468 422,3877
107,4548 421,972
106,5113 421,4985
105,6125 420,9576
104,7113 420,4958
103,7704 419,9526
102,816 419,5001
101,9204 419,0871
101,0152 418,66
100,1728 418,3526
99,26296 418,0629
98,34044 417,8823
97,39771 417,7132
96,38884 417,4881
95,32152 417,2593
94,22047 417,0397
93,13 416,6774
92,14735 416,3714
91,27237 416,0059
90,25359 415,5292
89,40369 415,2291
88,58169 415,0369
87,68251 414,791
86,88728 414,5376
86,14147 414,3039
85,32011 414,0535
84,46931 413,6592
83,65184 413,3505
82,95926 413,0421
82,17967 412,5995
81,41089 412,1765
80,77184 411,6745
80,21725 411,1714
79,45821 410,4722
78,87446 409,7983
78,32116 409,3395
77,4409 409,1014
76,48332 408,8282
75,67839 408,6711
74,77589 408,5971
73,71912 408,5009
72,70358 408,3422
71,73283 408,1453
70,7439 407,9115
69,86109 407,5416
68,92989 407,1276
68,15038 406,8109
67,28654 406,4561
66,43024 406,1889
65,68413 406,0283
64,88762 405,7469
64,23247 405,5189
63,48737 405,3703
62,66402 405,1725
61,98247 404,8051
61,24662 404,4177
60,44767 404,0756
59,67368 403,587
58,75146 403,1741
57,95177 402,7274
57,25035 402,4232
56,37644 402,1179
55,65435 401,8689
54,77337 401,7406
54,15813 401,5901
53,35739 401,5051
52,58309 401,4618
51,69123 401,3113
50,78091 401,1143
49,9565 400,7969
49,20487 400,4878
48,38882 400,1419

#9
144 437
143,0898 436,3976
141,9138 435,8551
140,8428 435,442
139,8412 435,0328
138,7711 434,6302
137,7258 434,274
136,7341 433,9522
135,5932 433,5381
134,5424 433,1826
133,5463 432,726
132,534 432,2825
131,507 431,7748
130,5718 431,1951
129,4283 430,6273
128,4039 430,0893
127,2801 429,6016
126,2472 429,2027
125,1329 428,859
124,0919 428,5603
122,9287 428,2463
122,0725 428,0748
121,0376 427,7779
120,0016 427,4686
118,957 427,2679
118,0037 426,919
116,7655 426,4512
115,6998 426,0056
114,7466 425,5086
113,6001 425,1377
112,6051 424,515
111,6385 424,1213
110,8052 423,6036
109,8522 423,2959
108,9805 423,0105
108,0708 422,5784
107,1778 422,1976
106,2404 421,7134
105,3625 421,2061
104,4652 420,7137
103,5129 420,2018
102,5565 419,7116
101,6446 419,3118
100,7083 418,8887
99,83003 418,546
98,94219 418,2763
98,06525 418,1205
97,1309 417,9348
96,12055 417,6723
95,04857 417,4372
93,90898 417,2459
92,80566 416,9249
91,82017 416,5543
90,95348 416,1977
89,92374 415,7248
89,09883 415,3798
88,28744 415,2021
87,37495 414,9818
86,54875 414,6807
85,75456 414,4366
84,94722 414,1972
84,14146 413,7923
83,34123 413,4675
82,61892 413,1887
81,82073 412,7295
81,08867 412,3032
80,44856 411,8541
79,81868 411,3171
79,05179 410,6667
78,45604 410,1261
77,76661 409,6346
76,89936 409,4018
75,98824 409,1724
75,2352 409,0197
74,31866 408,9184
73,2685 408,7776
72,26328 408,5811
71,30762 408,3722
70,30436 408,1878
69,39072 407,8048
68,44595 407,3842
67,60471 407,1173
66,73143 406,6978
65,90926 406,4066
65,2296 406,2801
64,40722 406,0655
63,67648 405,7713
62,94172 405,5834
62,17392 405,4052
61,45488 405,1305
60,65351 404,6698
59,88406 404,3199
59,17767 403,8845
58,25457 403,451
57,42143 403,0652
56,66166 402,6909
55,795 402,3972
55,1496 402,1887
54,27665 402,0757
53,58159 401,8755
52,77109 401,7414
52,05677 401,6817
51,20056 401,5424
50,29314 401,3741
49,4437 401,1084
48,63363 400,7389
47,80962 400,3821
46,99773 400,0473
46,21003 399,7319
45,50209 399,4814
44,73397 399,278
44,06398 399,1386
43,41484 398,9799
42,80202 398,7409
42,27067 398,4716
41,65614 398,2013
41,01875 397,8703
40,41583 397,5322
39,80257 397,2155
39,19395 396,7408
38,4456 396,4239
37,65978 396,1116
37,04258 395,6803
36,46584 395,424
35,79678 395,2211

#10
120 445
118,9296 444,6252
117,8853 444,3237
116,7627 443,9004
115,7407 443,5331
114,6988 443,0706
113,6975 442,6039
112,7884 442,2078
111,8596 441,791
110,9545 441,5019
110,0793 441,1949
109,1813 440,8462
108,2546 440,5756
107,2932 440,1743
106,2714 439,7289
105,3427 439,2842
104,4032 438,7322
103,5156 438,2827
102,5495 437,7433
101,6304 437,2142
100,6725 436,6855
99,7696 436,3059
98,82132 435,9317
97,88303 435,63
96,9783 435,4207
95,98331 435,2295
95,00231 434,9693
94,03797 434,6767
92,92805 434,3137
91,96866 433,9402
91,0082 433,4743
90,00507 433,0383
89,03204 432,5682
88,26969 432,2896
87,52727 432,0542
86,80155 431,7296
86,1615 431,5044
85,46605 431,2485
84,71395 430,8633
83,9741 430,5213
83,18707 430,1872
82,39783 429,7387
81,50599 429,3338
80,72301 428,8492
79,91013 428,4204
79,11372 428,0658
78,3474 427,7387
77,48814 427,4233
76,68867 427,1653
75,83762 426,9937
75,07664 426,6453
74,18635 426,4288
73,18224 426,0656
72,30741 425,6033
71,47849 425,2449
70,59351 424,775
69,73239 424,4215
68,90073 424,0711
68,19373 423,7245
67,39445 423,4556
66,59597 423,2662
65,91527 423,009
65,20999 422,728
64,48181 422,5153
63,65986 422,2565
62,87101 421,9222
62,04437 421,6373
61,295 421,3413
60,50945 421,0277
59,69535 420,6575
58,99364 420,4015
58,28461 420,1433
57,50831 419,8953
56,74279 419,6768
56,08483 419,5517
55,34287 419,3002
54,50955 419,0362
53,647 418,7328
52,88471 418,471
52,11963 418,1607
51,4157 417,8776
50,65787 417,5459
49,98315 417,2475
49,41359 416,935
48,79846 416,6263
48,2697 416,3972
47,68261 416,2262
47,19324 415,9607
46,64753 415,7513
46,14296 415,5456
45,59964 415,2147
45,0164 414,7768
44,37345 414,3805
43,73392 414,0486
43,11235 413,6439

